21257	0.00847196839808272	0.9303544277751814	0.06117360382673599
21258	0.036740837545704876	0.9431692516417259	0.020089910812569264
21259	0.038262266819206275	0.9332474619347013	0.02849027124609246
21260	0.2976900490087395	0.509949260671383	0.19236069031987738
21261	0.25092300955945124	0.08827724921806748	0.6607997412224812
21262	0.42370738668073815	0.14643709993141438	0.4298555133878475
21263	0.06585755595310096	0.7336458473240254	0.20049659672287368
21264	0.1355131094126135	0.6345498233510941	0.2299370672362924
21265	0.15990533736687446	0.7355702521088495	0.10452441052427605
21266	0.02552959282412042	0.1522462904675882	0.8222241167082914
21267	0.005032239060558504	0.06682272822681866	0.9281450327126226
21268	0.0705106000622029	0.8789947601225047	0.05049463981529245
21269	0.23510801734174797	0.6997913416643614	0.06510064099389064
21270	0.11511955748079127	0.7772301453753991	0.10765029714380958
21271	0.27589804217687736	0.5626247090576477	0.16147724876547498
21272	0.2848554180799136	0.6727915501187818	0.042353031801304626
21273	0.027302326439567388	0.9711135634026034	0.0015841101578291882
21274	0.1639020670757461	0.6179128551042683	0.21818507781998567
21275	0.3670235335720166	0.5065850904068954	0.12639137602108805
21276	0.14149802241734363	0.8465443300246464	0.011957647558009921
21277	0.06545505483112367	0.871599276448396	0.06294566872048038
21278	0.4029732067660538	0.3334160160662743	0.26361077716767195
21279	0.6601547877457004	0.1586988364351499	0.18114637581914977
21280	0.07277851821617956	0.8075140744378615	0.11970740734595901
21281	0.2333618574743271	0.6182242190125861	0.1484139235130869
21282	0.02179723178215648	0.21575215142589096	0.7624506167919525
21283	0.08872588267013719	0.692469850514788	0.2188042668150748
21284	0.09253340529147734	0.7937976822828181	0.11366891242570448
21285	0.05661403803760116	0.6707402781947696	0.2726456837676292
21286	0.07132468862245998	0.9172530961652452	0.011422215212294844
21287	0.4937744085217729	0.46012056398855483	0.046105027489672275
21288	0.029144023271110254	0.9553845382384168	0.0154714384904729
21289	0.07443306957716744	0.9168021091355171	0.00876482128731549
21290	0.07244168506139306	0.8183766490352633	0.10918166590334359
21291	0.233640114300581	0.6302042756732253	0.1361556100261937
21292	0.07053557777329775	0.4544084079706923	0.47505601425601
21293	0.10077327736072747	0.6377644298546169	0.2614622927846556
21294	0.12013572244850873	0.13108333327247712	0.7487809442790141
21295	0.06603093656762536	0.9049618164638924	0.029007246968482246
21296	0.2032801144229938	0.7468230788466582	0.049896806730347874
21297	0.1843807950300547	0.7330675532115153	0.08255165175843016
21298	0.10369886829122925	0.8523898930141278	0.043911238694642814
21299	0.36873159632780944	0.5075368345290217	0.12373156914316885
21300	0.079458645582555	0.7937643384939517	0.12677701592349333
21301	0.030328730826938884	0.20103165468687628	0.7686396144861849
21302	0.01067327590397814	0.9826793568293433	0.0066473672666786075
21303	0.13638662917130007	0.8187084252332314	0.04490494559546852
21304	0.6677144912790991	0.22689373714316893	0.10539177157773202
21305	0.13798643106027436	0.34246133484624147	0.519552234093484
21306	0.06946891545362603	0.8462695616602874	0.08426152288608649
21307	0.201961721368177	0.7327969653528023	0.06524131327902069
21308	0.06566879897332457	0.8491998661981232	0.08513133482855227
21309	0.03244263029872962	0.5527823276776375	0.41477504202363286
21310	0.1449894773530578	0.39692602186249176	0.4580845007844503
21311	0.4382858088025161	0.5330927051313417	0.028621486066142263
21312	0.006812061914469088	0.03241846372881207	0.960769474356719
21313	0.009075059636488426	0.9898337650060312	0.0010911753574803457
21314	0.09039160488486708	0.760298173546885	0.14931022156824786
21315	0.1705455939171733	0.3482761327595935	0.48117827332323326
21316	0.16133035704591056	0.11206744401790421	0.7266021989361852
21317	0.6113952714869594	0.20578281908622176	0.1828219094268188
21318	0.08621580898284295	0.8468317425589422	0.0669524484582149
21319	0.09751271865587191	0.8543018738271781	0.0481854075169499
21320	0.24787726130009874	0.37474399981340023	0.37737873888650103
21321	0.03557083957466992	0.824992016516083	0.139437143909247
21322	0.10632611233100818	0.8610497787033214	0.03262410896567036
21323	0.05873198933601398	0.8932896232508125	0.047978387413173534
21324	0.13664149253382007	0.7397883986253757	0.12357010884080423
21325	0.024369871699964525	0.9086326200388687	0.0669975082611667
21326	0.032955954259717465	0.9187917955453773	0.04825225019490528
21327	0.25814480044067073	0.521483249336598	0.22037195022273123
21328	0.05017249396490326	0.8829149530027441	0.06691255303235263
21329	0.0598148943331844	0.5964840291105568	0.3437010765562588
21330	0.06245491299071567	0.4020707733500475	0.5354743136592368
21331	0.060131900862429956	0.42937922611288853	0.5104888730246816
21332	0.08570026484639925	0.4283950130195213	0.4859047221340795
21333	0.6378233270949539	0.307051231642681	0.055125441262365064
21334	0.04582886903992772	0.8534417811766541	0.10072934978341808
21335	0.04965034036445423	0.9083093205408255	0.042040339094720276
21336	0.016063442639844185	0.9661047605245863	0.017831796835569583
21337	0.7364786422022442	0.14155276412878842	0.1219685936689674
21338	0.03240570615843616	0.6446574674494702	0.32293682639209365
21339	0.020633124191484477	0.23678254459694223	0.7425843312115734
21340	0.1278112759712435	0.5121374755941694	0.3600512484345871
21341	0.4290918143636988	0.4156675835533164	0.15524060208298487
21342	0.149409702194427	0.6266451720592132	0.22394512574635975
21343	0.5589401548946087	0.4078952175870383	0.0331646275183531
21344	0.37514730226874615	0.4868863702556523	0.1379663274756015
21345	0.6775616881396787	0.2017174316967624	0.12072088016355893
21346	0.3977618200259861	0.46679130299037225	0.1354468769836416
21347	0.06913421272497783	0.6494637415418126	0.28140204573320954
21348	0.11247809696953291	0.8653207396882195	0.022201163342247494
21349	0.05525507135698544	0.9353787674275194	0.009366161215495303
21350	0.43002435545099904	0.5274753644944004	0.0425002800546006
21351	0.052665365324260124	0.9228407243400008	0.02449391033573913
21352	0.18644093539121392	0.7800315582651022	0.03352750634368382
21353	0.2955982614935016	0.6920415632658494	0.012360175240649033
21354	0.052094265115616746	0.5909064031895941	0.35699933169478915
21355	0.024101396397017628	0.9676421123467911	0.008256491256191116
21356	0.041458666546068966	0.9455414289032923	0.012999904550638838
21357	0.2685611131177151	0.6251113740852842	0.10632751279700081
21358	0.03169574394560631	0.9307089992033141	0.03759525685107954
21359	0.04722670823044183	0.9094393060955948	0.043333985673963495
21360	0.13285258000512312	0.7845286956521474	0.0826187243427294
21361	0.04633928432730027	0.9370156136585642	0.016645102014135566
21362	0.020614981825152083	0.133218877888261	0.846166140286587
21363	0.21188505529085946	0.6083526225953745	0.17976232211376597
21364	0.7364761748331368	0.24483521003798348	0.01868861512887984
21365	0.0949269241933494	0.7946328009972988	0.11044027480935183
21366	0.032708212330818366	0.906492530023985	0.06079925764519675
21367	0.010977986928078772	0.9358579406304655	0.05316407244145586
21368	0.20330334439346737	0.25435109498636244	0.5423455606201701
21369	0.05414924639454182	0.1479548599498617	0.7978958936555964
21370	0.20581854742964595	0.7763200050878476	0.017861447482506506
21371	0.012389075502646181	0.9812184888730515	0.006392435624302401
21372	0.011761518035741571	0.968150630731554	0.020087851232704523
21373	0.06196804022815639	0.8541620141166198	0.08386994565522377
21374	0.04046900530145927	0.9470101584412345	0.012520836257306323
21375	0.1936586988393744	0.7588606888208199	0.047480612339805696
21376	0.5354317218467192	0.33496066671460434	0.12960761143867652
21377	0.4348778064271847	0.38913777912033387	0.17598441445248128
21378	0.09816778748735283	0.8686856284605203	0.03314658405212684
21379	0.5440516623312267	0.3488410132326048	0.10710732443616845
21380	0.12644025817891252	0.5740560136337088	0.2995037281873787
21381	0.7439692232990999	0.21842156302723423	0.03760921367366586
21382	0.07106723257262747	0.8360610180044894	0.09287174942288315
21383	0.18945492992508808	0.714794079966263	0.09575099010864892
21384	0.16373420173478667	0.3230745575853424	0.5131912406798708
21385	0.1992202705487786	0.6953860586468603	0.1053936708043611
21386	0.21441550353662497	0.19046387449914073	0.5951206219642343
21387	0.077109165619837	0.872262513516459	0.05062832086370394
21388	0.05795232620491287	0.8994242815376765	0.0426233922574105
21389	0.20039994823606092	0.7426096524120228	0.05699039935191616
21390	0.18489125738953993	0.7403713812257384	0.07473736138472153
21391	0.04942936859118964	0.9452767620291992	0.005293869379611213
21392	0.3907726807963861	0.22884410346474335	0.3803832157388706
21393	0.07668077704147058	0.6403507321110162	0.28296849084751324
21394	0.23782974787507224	0.6934741476289691	0.0686961044959587
21395	0.3640489873217524	0.491933711163404	0.14401730151484357
21396	0.04697981284334288	0.6126937427493179	0.3403264444073392
21397	0.22954862403560944	0.6742465643788454	0.09620481158554521
21398	0.2103283846317138	0.6523343046294207	0.13733731073886557
21399	0.215654460134502	0.4512964430352844	0.3330490968302137
21400	0.04653401044892415	0.8762098319714517	0.07725615757962408
21401	0.04461303228484985	0.7867602648430144	0.1686267028721357
21402	0.040144993964342686	0.7706629348177275	0.18919207121792983
21403	0.000877419525328364	0.18892060040675063	0.810201980067921
21404	0.03626834581660797	0.6230958899707861	0.34063576421260583
21405	0.06396000313284504	0.7029831452294149	0.23305685163774006
21406	0.16607122265128832	0.5214660395705752	0.3124627377781365
21407	0.020543037861819567	0.708405578961882	0.27105138317629834
21408	0.06026346015227322	0.9233016543728637	0.016434885474863166
21409	0.05299475669216594	0.9131532509313701	0.03385199237646402
21410	0.09226542179057647	0.8654774201439875	0.04225715806543593
21411	0.17755372258883534	0.7521329569085569	0.07031332050260788
21412	0.3379736228058069	0.5711092164273633	0.09091716076682978
21413	0.5400518375499282	0.3654044593166452	0.09454370313342648
21414	0.013570224346476763	0.785856599593045	0.20057317606047811
21415	0.03328803657678636	0.934045692774498	0.03266627064871558
21416	0.1858003824188609	0.4455601282913576	0.36863948928978146
21417	0.5536182997069256	0.40984499600524266	0.036536704287831755
21418	0.44040959085982967	0.5119790112252034	0.04761139791496703
21419	0.3669087667027062	0.5442542545745039	0.08883697872278987
21420	0.006078012454400523	0.9551513704088109	0.03877061713678853
21421	0.08310549365574009	0.8306860907960484	0.0862084155482115
21422	0.1955246969494304	0.7560006719199502	0.04847463113061929
21423	0.013165717158101614	0.9730591472924208	0.013775135549477686
21424	0.07039609036208792	0.8712367719857077	0.05836713765220438
21425	0.02547727934466659	0.8563204595605278	0.11820226109480553
21426	0.05644599748195849	0.5647238126949701	0.37883018982307143
21427	0.15568133542111556	0.7248037954581451	0.11951486912073926
21428	0.3567141071909722	0.5859356326220533	0.057350260186974665
21429	0.1761530150017013	0.8061139442410528	0.017733040757246004
21430	0.11100227896017928	0.7565558139547858	0.13244190708503498
21431	0.03793808905958861	0.5316239796253901	0.43043793131502134
21432	0.3734127062835484	0.4997688990030816	0.1268183947133701
21433	0.16329001634209042	0.6388245033419492	0.19788548031596043
21434	0.09180758989834688	0.14440845594649623	0.7637839541551569
21435	0.39520000556091556	0.3606684681585749	0.2441315262805094
21436	0.46849092899241646	0.42001925458385764	0.11148981642372599
21437	0.4783138219235952	0.4927739204164876	0.028912257659917152
21438	0.35679771854730263	0.09050072029646865	0.5527015611562288
21439	0.048342744194163845	0.7343235889738717	0.2173336668319644
21440	0.5599043114699148	0.3914387902365242	0.04865689829356098
21441	0.09384986387722155	0.8911306160194938	0.015019520103284601
21442	0.1434827600811152	0.8313876954038733	0.025129544515011544
21443	0.02067448022603627	0.6051117127385731	0.3742138070353906
21444	0.8725698038514612	0.104706698408723	0.022723497739815815
21445	0.06626162307458848	0.8551483000099181	0.07859007691549343
21446	0.22362020694407184	0.586194490673815	0.19018530238211315
21447	0.03916009040005028	0.7959938369464896	0.1648460726534602
21448	0.01030717819271117	0.8774786403599786	0.11221418144731025
21449	0.03366218391048987	0.8363169793962245	0.13002083669328554
21450	0.09156168696914303	0.6870875339056851	0.2213507791251719
21451	0.012885905441822077	0.21027260805623596	0.776841486501942
21452	0.14835481726475944	0.7842389228963642	0.06740625983887633
21453	0.2305507536162997	0.6809200852057579	0.08852916117794234
21454	0.01943414432886013	0.9598476381615878	0.020718217509552203
21455	0.19229575147122546	0.6881772793961266	0.11952696913264793
21456	0.0447755253321766	0.849548559957692	0.10567591471013146
21457	0.03725432131848315	0.9613663387897671	0.001379339891749703
21458	0.033596020023289236	0.11346597992878822	0.8529380000479226
21459	0.1749418483607529	0.79725475629747	0.02780339534177697
21460	0.7028000621331476	0.23207532284439353	0.06512461502245899
21461	0.13485120837903924	0.7261904829339025	0.13895830868705816
21462	0.7522867797849915	0.21746278968028365	0.03025043053472482
21463	0.023446461143472347	0.6432343033226349	0.33331923553389275
21464	0.350235017440334	0.258190064610799	0.391574917948867
21465	0.6023766440045247	0.35014250383973594	0.04748085215573928
21466	0.2062195663116372	0.6999367320982852	0.09384370159007747
21467	0.006602962108534865	0.3884352840824772	0.6049617538089879
21468	0.0344465334509763	0.9003215266770761	0.06523193987194774
21469	0.004757031541819882	0.9899726130138111	0.005270355444368985
21470	0.053740061346401545	0.8471599952305036	0.09909994342309483
21471	0.2929418957349065	0.617846794301586	0.08921130996350758
21472	0.09861581841953039	0.8950517738397655	0.006332407740703954
21473	0.0073605311191487005	0.08201339642085434	0.9106260724599968
21474	0.054031218167586374	0.47469772648105957	0.47127105535135394
21475	0.10771354163388068	0.6609473820590869	0.23133907630703252
21476	0.20380362311446304	0.498861520687604	0.29733485619793293
21477	0.022606176392409687	0.19127106257521825	0.786122761032372
21478	0.19446745448379765	0.7910667012572503	0.0144658442589522
21479	0.012121482045046593	0.5762860899548589	0.41159242800009455
21480	0.024461377287178957	0.9169804332340281	0.0585581894787929
21481	0.43291995387484605	0.4962379450027517	0.0708421011224022
21482	0.44613269604205225	0.48073094995172105	0.07313635400622669
21483	0.23072444242298557	0.6123678201628673	0.1569077374141471
21484	0.04487519951119925	0.5122282093167893	0.4428965911720115
21485	0.0931755261822151	0.17809506775544112	0.7287294060623438
21486	0.0003873556219188995	0.03500988406421359	0.9646027603138676
21487	0.004396053371164912	0.13873194025386743	0.8568720063749676
21488	0.0028237774402155935	0.9967984077373973	0.0003778148223871019
21489	0.016606542200949963	0.9816327137191199	0.001760744079930218
21490	0.6028397040906808	0.34815859929683457	0.049001696612484616
21491	0.11332738880464875	0.7457100040697555	0.1409626071255957
21492	0.12589172637727716	0.8137838306913944	0.06032444293132843
21493	0.23348022976004015	0.7150402034234571	0.051479566816502724
21494	0.7901165318302829	0.19276497406233797	0.01711849410737931
21495	0.11869363596951708	0.5658764875923792	0.3154298764381037
21496	0.07034347008150749	0.8622368058815019	0.06741972403699072
21497	0.030594291093334353	0.9652553703953836	0.004150338511282126
21498	0.2045470729434835	0.7177641329016219	0.07768879415489453
21499	0.137591293050527	0.8449919317764977	0.017416775172975286
21500	0.14759546466203796	0.8237565995110683	0.02864793582689369
21501	0.13997893589055502	0.6751931129812904	0.1848279511281546
21502	0.03239264468838241	0.9105123175125063	0.05709503779911132
21503	0.09440006880790752	0.8014591407734192	0.10414079041867322
21504	0.12147258101173189	0.7948668058910988	0.08366061309716934
21505	0.4837819202543553	0.4994336003387904	0.016784479406854163
21506	0.26791959730733445	0.6338145924040139	0.09826581028865167
21507	0.1401279388027132	0.7105155885344794	0.14935647266280738
21508	0.17958556835824252	0.7997840333055779	0.020630398336179512
21509	0.08875020147269849	0.789022626132813	0.12222717239448852
21510	0.06694331187094704	0.3170046795984608	0.6160520085305922
21511	0.005327206830732014	0.846495065391268	0.14817772777799995
21512	0.14943324385275866	0.6553724760066758	0.19519428014056558
21513	0.0427885905529617	0.1472929244037521	0.8099184850432862
21514	0.2714780274347909	0.3263031628191564	0.4022188097460527
21515	0.011630173453612742	0.9497887586897636	0.038581067856623685
21516	0.1880452727472813	0.5998270544096103	0.2121276728431084
21517	0.09976223898550825	0.884315895468485	0.015921865546006813
21518	0.013475557108277197	0.10252757839803066	0.8839968644936921
21519	0.13973812463151555	0.815578271852407	0.04468360351607738
21520	0.35576867380536664	0.5855495692723761	0.05868175692225724
21521	0.005548213232092564	0.03562684259438135	0.9588249441735263
21522	0.06416318806369475	0.19963366997741436	0.7362031419588908
21523	0.5702420775529197	0.3742480490147073	0.055509873432373
21524	0.11837626704779569	0.7448005861017067	0.1368231468504975
21525	0.2759517644877573	0.5244187392886495	0.19962949622359313
21526	0.2998164710788266	0.6674368130251801	0.03274671589599333
21527	0.005921135741923218	0.9881462329425224	0.0059326313155543585
21528	0.17318181747154032	0.15771188848632936	0.6691062940421303
21529	0.017722516920890816	0.9550688005933593	0.027208682485749782
21530	0.2152209350440175	0.15509867259881946	0.629680392357163
21531	0.054158455123258994	0.9372010096355782	0.008640535241162834
21532	0.08864231740845685	0.6827580963347081	0.22859958625683507
21533	0.3493960259807271	0.5734196426580072	0.07718433136126565
21534	0.1423612175702577	0.81129477607174	0.046344006358002295
21535	0.12536918618442822	0.5512604285912658	0.323370385224306
21536	0.215103837988695	0.7457803205623093	0.0391158414489957
21537	0.06084123050169212	0.9195103859413783	0.019648383556929497
21538	0.09482104658460105	0.8900852110745309	0.015093742340868046
21539	0.515268645803206	0.2440210052282033	0.24071034896859073
21540	0.005851236642210244	0.9101692432350922	0.08397952012269762
21541	0.31155231424794055	0.38859556081331786	0.2998521249387415
21542	0.006234689133258991	0.09746560123212795	0.8962997096346131
21543	0.09160021406497863	0.636217036283632	0.2721827496513893
21544	0.5088185154218978	0.25777446133120685	0.2334070232468953
21545	0.531138003433256	0.26858645920420005	0.20027553736254392
21546	0.20299951587821452	0.5802603573687621	0.21674012675302334
21547	0.12931359456365216	0.23938917631054107	0.6312972291258068
21548	0.08143842964115834	0.3811552116483321	0.5374063587105095
21549	0.6806023532610173	0.2947488400286882	0.024648806710294645
21550	0.12371393543309782	0.7095195641533852	0.16676650041351695
21551	0.01502077928525251	0.9768326134692898	0.00814660724545778
21552	0.359027460453687	0.6184180920239061	0.022554447522407005
21553	0.5305906184015015	0.27034918922016793	0.19906019237833056
21554	0.029255145274509363	0.020377960014406164	0.9503668947110844
21555	0.005162451272850486	0.025380659037747878	0.9694568896894016
21556	0.1415263474117518	0.30914090306017866	0.5493327495280697
21557	0.0325419443766346	0.5765252326062814	0.390932823017084
21558	0.12305753634920095	0.7612297136730242	0.11571274997777486
21559	0.019911720615108774	0.05200489485991899	0.9280833845249723
21560	0.05896227439310408	0.9200078958381178	0.021029829768778065
21561	0.025643767752868588	0.9134752090860853	0.060881023161046106
21562	0.021283830564111393	0.9482793153087588	0.030436854127129806
21563	0.6387942615564894	0.32622881576176294	0.03497692268174755
21564	0.4544366687398143	0.4059606494402708	0.13960268181991498
21565	0.03088932353683178	0.9522540994037935	0.01685657705937471
21566	0.055030694539165974	0.9092115014208083	0.03575780404002578
21567	0.045860141292975026	0.9355846112202948	0.018555247486730157
21568	0.4319320520053499	0.42912439204299796	0.1389435559516522
21569	0.12280103600103938	0.5185509080652508	0.35864805593370985
21570	0.026698474048158973	0.8102728028213224	0.16302872313051855
21571	0.05447569180430137	0.8876002688900492	0.05792403930564938
21572	0.16118793834621745	0.7503129161073913	0.08849914554639135
21573	0.6076448084067582	0.30515118034852595	0.08720401124471588
21574	0.4157035088368044	0.3827433854905333	0.20155310567266232
21575	0.10995187808432005	0.7133493896644952	0.17669873225118474
21576	0.006008502689319617	0.9887420393684737	0.005249457942206664
21577	0.07444307171510574	0.8876357573421452	0.03792117094274909
21578	0.00935057343312322	0.0747770139807707	0.9158724125861062
21579	0.004995351371790758	0.9415392122641135	0.053465436364095814
21580	0.019943587203388013	0.8975215738849661	0.08253483891164592
21581	0.3901880781800794	0.38028697518756577	0.22952494663235481
21582	0.6631177136502768	0.2690739813335126	0.0678083050162106
21583	0.2654446467003455	0.5798376457599503	0.15471770753970407
21584	0.6879056818638527	0.28016222766125853	0.03193209047488876
21585	0.11617526227769966	0.19235318074276417	0.6914715569795362
21586	0.008063069587271772	0.11174783677558711	0.8801890936371412
21587	0.168312658020263	0.6864585376332004	0.14522880434653657
21588	0.0034647234187516807	0.9842702568569173	0.012265019724331078
21589	0.20736555123579406	0.4745726769052291	0.3180617718589769
21590	0.13677734161049354	0.3186423514843237	0.5445803069051828
21591	0.016719559246696238	0.9260670895753851	0.057213351177918564
21592	0.5652494899517349	0.39559489100529804	0.03915561904296705
21593	0.06997075070688068	0.7160135787218468	0.2140156705712726
21594	0.43254488583895356	0.3107541340213488	0.2567009801396976
21595	0.30210867077145365	0.45498134247127386	0.24290998675727257
21596	0.5330430344936377	0.2698368591846197	0.1971201063217426
21597	0.11363688801228744	0.6301825829066422	0.25618052908107036
21598	0.3023249752115385	0.5996256846192802	0.09804934016918132
21599	0.06578669998375805	0.9132935590725284	0.02091974094371345
21600	0.07822322231414966	0.6385107088898514	0.28326606879599897
21601	0.04811833653362318	0.11879462289834891	0.8330870405680281
21602	0.4073764676623261	0.44684238349118616	0.14578114884648766
21603	0.47674796562575666	0.3666773186082573	0.156574715765986
21604	0.2732513339149101	0.608954590914481	0.11779407517060893
21605	0.6825740964991664	0.2689935832027464	0.04843232029808718
21606	0.00746735690754878	0.8421105154286174	0.15042212766383378
21607	0.02292558148210226	0.7386143690598043	0.23846004945809338
21608	0.28820762730292765	0.24927477160508824	0.4625176010919842
21609	0.7195891535286009	0.22556220436179958	0.054848642109599575
21610	0.33832374082916084	0.6107598319397204	0.05091642723111873
21611	0.1481120510768968	0.7480905411552996	0.10379740776780373
21612	0.044542102244437574	0.16735156379869573	0.7881063339568667
21613	0.1958090203875379	0.6147892718949418	0.18940170771752035
21614	0.041877545541228356	0.9555005147777531	0.0026219396810185725
21615	0.020708093269413842	0.8305920000456545	0.1486999066849317
21616	0.010946240011761893	0.8897675665869883	0.09928619340124978
21617	0.16584900882463788	0.3506702860796313	0.48348070509573077
21618	0.10648822045800492	0.7626396959024468	0.13087208363954828
21619	0.32224373373296694	0.4957370613078365	0.18201920495919655
21620	0.013892882312886795	0.9298846486882092	0.05622246899890409
21621	0.053920498162876994	0.8617074889400711	0.0843720128970518
21622	0.18150103740886975	0.8028348256102258	0.015664136980904526
21623	0.047403874626649314	0.9426956915742539	0.009900433799096688
21624	0.0028155829332769037	0.9858954079560895	0.01128900911063367
21625	0.1951659244202365	0.7844743506411791	0.020359724938584352
21626	0.6433878503101156	0.26364108847907197	0.0929710612108125
21627	0.08738802973737164	0.8878827757592755	0.024729194503352724
21628	0.21349252363236657	0.746659694247745	0.0398477821198884
21629	0.029309315396624177	0.5740077151893828	0.39668296941399306
21630	0.03945146439690612	0.15038164567889725	0.8101668899241966
21631	0.3665949334081022	0.489341701603008	0.1440633649888898
21632	0.013563849537744978	0.2541136212540627	0.7323225292081923
21633	0.14673767743626506	0.5109925942428071	0.3422697283209278
21634	0.4169278023269486	0.5069516214072128	0.07612057626583854
21635	0.37732081717573285	0.5579318070585475	0.06474737576571969
21636	0.17551392760377887	0.617772623387561	0.20671344900866018
21637	0.26548429579906396	0.5803955858597597	0.15412011834117628
21638	0.40765293640023537	0.5386090663779292	0.05373799722183539
21639	0.11381922991133442	0.8274638509397321	0.05871691914893356
21640	0.3807804312852896	0.4635546553389934	0.155664913375717
21641	0.3024284681787847	0.6148417308151294	0.082729801006086
21642	0.17695990193914815	0.7498223101132602	0.07321778794759161
21643	0.08831403014020835	0.9064606454800159	0.005225324379775845
21644	0.09004191455425854	0.9079057168414129	0.002052368604328575
21645	0.0315434896250407	0.6468819071420008	0.3215746032329586
21646	0.22940505637164024	0.6992887431495886	0.07130620047877122
21647	0.1470898716597699	0.7916868448076263	0.061223283532603756
21648	0.2940535534513584	0.5266105453555708	0.17933590119307077
21649	0.449052474839775	0.45708493760320107	0.09386258755702383
21650	0.055912931024854624	0.3312252595623015	0.612861809412844
21651	0.2546862357622273	0.5268043583732972	0.21850940586447548
21652	0.09433995025659551	0.8884606125206396	0.01719943722276499
21653	0.06486720584931051	0.5239853589887374	0.411147435161952
21654	0.09888358693723569	0.6886348377112842	0.21248157535148016
21655	0.047738569821257945	0.8453623135172532	0.10689911666148884
21656	0.1640984294030461	0.6938205413517643	0.1420810292451895
21657	0.009845206860142569	0.2559301667624189	0.7342246263774383
21658	0.06283729948011878	0.5703570854494184	0.3668056150704627
21659	0.21833959326990185	0.6444668120347558	0.13719359469534237
21660	0.31630933302491476	0.6462344068151324	0.03745626015995275
21661	0.07679994376019685	0.7455863352467808	0.17761372099302247
21662	0.21878067934783949	0.7416153309481757	0.039603989703984814
21663	0.06691472202963102	0.3518444784270843	0.5812407995432847
21664	0.05522788793893687	0.49970587929501237	0.4450662327660507
21665	0.07112543364448853	0.854539445428369	0.07433512092714241
21666	0.15382832106940172	0.7814354709252435	0.0647362080053548
21667	0.023468478030200527	0.6939206654886105	0.28261085648118894
21668	0.6957180461153842	0.24477612677408744	0.05950582711052827
21669	0.21639347267620215	0.7159079355316956	0.06769859179210223
21670	0.2975087582231073	0.6006326380061326	0.10185860377076007
21671	0.018531322461350325	0.9748347620581863	0.00663391548046344
21672	0.0990834971144653	0.8728082829662269	0.0281082199193079
21673	0.1456014994556289	0.6099349928473188	0.24446350769705238
21674	0.17734831942713825	0.5061214708193393	0.3165302097535224
21675	0.0965108492185692	0.8439484502496972	0.059540700531733604
21676	0.028150120750946292	0.8881205951117753	0.0837292841372783
21677	0.07399743647160956	0.8771812189074609	0.04882134462092945
21678	0.08248114900234814	0.08190996778358456	0.8356088832140672
21679	0.026372977157767718	0.23845083399682176	0.7351761888454105
21680	0.09647508488975669	0.44750716258892187	0.45601775252132143
21681	0.05367994544637762	0.696761551822174	0.24955850273144833
21682	0.24751095100204656	0.2918154211409969	0.4606736278569566
21683	0.42447086427072395	0.5065226592221291	0.06900647650714684
21684	0.5306323273914563	0.4305322865813369	0.03883538602720684
21685	0.44563523837449426	0.5391110506173592	0.015253711008146584
21686	0.15347453115329804	0.6645507750071581	0.18197469383954384
21687	0.22288230497281045	0.49560118506745415	0.28151650995973543
21688	0.13647971350894897	0.42780274970262727	0.43571753678842373
21689	0.36619854135458285	0.5561804825560307	0.07762097608938641
21690	0.31355391355932755	0.6131470173459224	0.07329906909475009
21691	0.742554011383225	0.22557385598125534	0.031872132635519725
21692	0.022394742130540223	0.7585189157040991	0.21908634216536055
21693	0.09486422509017825	0.1637157093440276	0.7414200655657942
21694	0.5185904346888383	0.39763502935673484	0.08377453595442699
21695	0.18901988015567867	0.7038542418463538	0.10712587799796754
21696	0.07764655167356227	0.8925784620668382	0.029774986259599533
21697	0.3097109642184131	0.5961749837152593	0.09411405206632753
21698	0.0580215636539298	0.6803270925062394	0.26165134383983085
21699	0.08456541151750567	0.5091971876350324	0.4062374008474619
21700	0.22949888854063807	0.7148472054224783	0.05565390603688366
21701	0.4269417578330518	0.5633435864839528	0.009714655682995338
21702	0.04409771573334389	0.5192952210212637	0.4366070632453924
21703	0.032782815762622805	0.9148203600120633	0.05239682422531371
21704	0.08486912070606048	0.8245396962697845	0.09059118302415504
21705	0.11537005687334703	0.7607528385627261	0.12387710456392687
21706	0.1593618492176209	0.828574538238481	0.012063612543898093
21707	0.2632999583086727	0.6057468850215112	0.1309531566698162
21708	0.039852382041977316	0.46903830249335415	0.49110931546466857
21709	0.061820602023190126	0.4783923897891167	0.4597870081876932
21710	0.10705798790255955	0.26346032457590823	0.6294816875215322
21711	0.5633278413940823	0.381210333439206	0.05546182516671172
21712	0.11043556786754584	0.786475903051355	0.10308852908109924
21713	0.7744381631000454	0.14941316911646965	0.07614866778348504
21714	0.23175656058054833	0.6195427899420195	0.14870064947743217
21715	0.038212359587759245	0.9461410378627161	0.015646602549524765
21716	0.19792827977195226	0.6665977145521752	0.1354740056758726
21717	0.10158046928909854	0.8255695104263459	0.07285002028455557
21718	0.19626640939502876	0.7466389695043715	0.057094621100599686
21719	0.007785640307858316	0.0038943650773089473	0.9883199946148327
21720	0.1221614853270253	0.42546029415744097	0.45237822051553384
21721	0.1901858274699286	0.5710494251742941	0.23876474735577727
21722	0.03166968618156439	0.8742846889292045	0.09404562488923103
21723	0.11442142732802858	0.75419860364571	0.13137996902626142
21724	0.18690348712487936	0.7217762595857234	0.09132025328939723
21725	0.17793047103982762	0.10438985202885699	0.7176796769313154
21726	0.7440294885501253	0.1939413192996846	0.06202919215019021
21727	0.45726546703362625	0.24106693643485655	0.3016675965315172
21728	0.10641340216573772	0.8540178089406061	0.03956878889365622
21729	0.1658104164613704	0.48503429359742467	0.34915528994120487
21730	0.08989127227158852	0.4826939350760369	0.4274147926523746
21731	0.17955836266991324	0.7602504737917075	0.06019116353837927
21732	0.0024835275630910375	0.9938387650313789	0.0036777074055300164
21733	0.03240484200018231	0.9396164695867686	0.02797868841304906
21734	0.2950058532247507	0.6551595925905603	0.04983455418468901
21735	0.5796031043192196	0.39826291427081156	0.022133981409968896
21736	0.03693567777669202	0.015954190474433392	0.9471101317488745
21737	0.05094751719220622	0.8179802940625295	0.13107218874526422
21738	0.05001792203598507	0.9288932739745915	0.021088803989423345
21739	0.20792778861554445	0.6784543558863598	0.11361785549809575
21740	0.08346792596964389	0.6541601770936765	0.2623718969366796
21741	0.1791212518725736	0.7312825793766707	0.08959616875075567
21742	0.017991587318800413	0.4544073698120869	0.5276010428691127
21743	0.005057893886747674	0.9733855708552863	0.021556535257965925
21744	0.11199425517916232	0.6733298153958688	0.21467592942496885
21745	0.14273024003104257	0.7787846169047958	0.07848514306416154
21746	0.19280363796654676	0.7272454581238179	0.07995090390963541
21747	0.1545261373385385	0.5625667294960243	0.2829071331654372
21748	0.09354144807820955	0.2456313225622882	0.6608272293595022
21749	0.2802248853541544	0.5802071896907322	0.1395679249551135
21750	0.18890566446039808	0.6981698355224647	0.11292450001713723
21751	0.12517692385259274	0.8387556040233665	0.0360674721240408
21752	0.08324206250767924	0.8564910222107598	0.06026691528156096
21753	0.7164972266585089	0.2300505387106026	0.053452234630888475
21754	0.2238148702330814	0.5315526021529405	0.24463252761397816
21755	0.006695791654951982	0.9257589050059382	0.06754530333910981
21756	0.32148285337966553	0.6351626529867072	0.04335449363362746
21757	0.8184717626456508	0.11717220547014309	0.06435603188420627
21758	0.31559229594710914	0.45226148806129296	0.23214621599159793
21759	0.030024998880298446	0.47727892109233694	0.49269608002736476
21760	0.0077652198397012255	0.9918022682241358	0.00043251193616309556
21761	0.04457947530225917	0.9534528749694614	0.0019676497282793666
21762	0.2900572490744777	0.5099296646066936	0.2000130863188286
21763	0.028906818378280897	0.2491196723974864	0.7219735092242326
21764	0.18708421180334617	0.7163365524772215	0.09657923571943233
21765	0.22805144772464375	0.7575260506912047	0.014422501584151511
21766	0.2554564984937237	0.7207748275122631	0.023768673994013244
21767	0.15553573149218047	0.8254914285886499	0.018972839919169558
21768	0.04506064150817784	0.7563267136909975	0.19861264480082472
21769	0.14895179117493837	0.6853234829925688	0.16572472583249284
21770	0.08674851491658615	0.33222938476621583	0.581022100317198
21771	0.05029148864801232	0.9057904208342813	0.043918090517706315
21772	0.048926241930511045	0.38496782487144293	0.566105933198046
21773	0.009861327666765592	0.8936834674696471	0.09645520486358725
21774	0.0228284657431651	0.9743197859395873	0.002851748317247644
21775	0.2400730601883347	0.7424410735865464	0.017485866225118926
21776	0.11679011647276644	0.647783742649952	0.23542614087728145
21777	0.12551849423094624	0.8332557651472997	0.04122574062175403
21778	0.4050089180298484	0.5826744125050982	0.012316669465053455
21779	0.7905084563329637	0.190441160461901	0.019050383205135222
21780	0.1295633102134955	0.6863052604595448	0.18413142932695978
21781	0.020164798992015828	0.9020965586236316	0.07773864238435249
21782	0.2246157233680545	0.3552991587382534	0.4200851178936921
21783	0.08862999784681536	0.8400701723239253	0.07129982982925936
21784	0.2912409584111219	0.5303898873476264	0.17836915424125183
21785	0.37257063676113533	0.507619844787311	0.11980951845155356
21786	0.2845799858183116	0.5400761065592613	0.17534390762242705
21787	0.5631000559962998	0.2589563194592472	0.177943624544453
21788	0.092273484778264	0.350103401590093	0.5576231136316431
21789	0.3615904211871868	0.5669870674700898	0.0714225113427234
21790	0.0286782278687981	0.5593270285634703	0.41199474356773164
21791	0.06659823505991308	0.917915092400517	0.015486672539569923
21792	0.22827036225235917	0.7512051710610639	0.020524466686577047
21793	0.05957314355638469	0.9201898243472406	0.02023703209637463
21794	0.25964143068163126	0.6791349873612466	0.0612235819571222
21795	0.5531649700928083	0.3561223831081659	0.09071264679902584
21796	0.429613185538975	0.165945009503565	0.4044418049574601
21797	0.5300668478493878	0.44159198986656895	0.02834116228404321
21798	0.6993429717419708	0.2607434759526589	0.03991355230537022
21799	0.0019575601485326923	0.4722156446869291	0.5258267951645381
21800	0.00661286839684997	0.5993715253763199	0.39401560622683013
21801	0.8486059457936715	0.10817081614619635	0.043223238060132
21802	0.13474250486316397	0.789370709391625	0.07588678574521095
21803	0.3731947275036182	0.5782036506420911	0.04860162185429056
21804	0.2842812750630132	0.61325247299831	0.10246625193867678
21805	0.028289948539134423	0.7604779772971862	0.2112320741636794
21806	0.03541294529821653	0.9465613444450246	0.01802571025675885
21807	0.13330581121037144	0.606210792744716	0.2604833960449125
21808	0.16076842521537257	0.7182111116278014	0.12102046315682602
21809	0.2759663968576143	0.5038293370822305	0.22020426606015508
21810	0.32248641620696916	0.5783829139523546	0.0991306698406762
21811	0.4642453894328571	0.4375842337332511	0.09817037683389165
21812	0.2811974351693322	0.6411075282533342	0.07769503657733369
21813	0.1844762735722499	0.33795284621945837	0.4775708802082918
21814	0.3138073366493424	0.618288385482481	0.06790427786817652
21815	0.010057689891322321	0.22706392040153367	0.7628783897071441
21816	0.08116611802921052	0.7980229224151061	0.1208109595556835
21817	0.18684105247370603	0.7648152099691762	0.048343737557117815
21818	0.23527754264780193	0.27447364872967744	0.4902488086225207
21819	0.19128564194890368	0.43454790514058744	0.37416645291050893
21820	0.01655593434654129	0.9639227247041895	0.019521340949269297
21821	0.16931292802056797	0.7142864435632393	0.11640062841619275
21822	0.08982851049249871	0.8963074552707228	0.013864034236778481
21823	0.021880047078416696	0.844455413351432	0.1336645395701512
21824	0.06963924082862914	0.7984767766386656	0.13188398253270528
21825	0.18139067152917757	0.7597726877034019	0.0588366407674206
21826	0.053682046215197184	0.8831939447059033	0.06312400907889953
21827	0.2133645666495778	0.5878171564733624	0.19881827687705983
21828	0.0316987139577142	0.9674275817410265	0.0008737043012593088
21829	0.10627766024800668	0.7473062923766971	0.1464160473752963
21830	0.01729620221916672	0.9514029067613387	0.03130089101949472
21831	0.6996423855151599	0.18525562364659512	0.11510199083824497
21832	0.16718352322107313	0.8074094031869017	0.0254070735920251
21833	0.7883707914058583	0.15505519991288444	0.05657400868125731
21834	0.21595152651711086	0.5213959703907501	0.26265250309213906
21835	0.45935515073800554	0.4167167462150303	0.12392810304696404
21836	0.13191838455988447	0.8231707699606976	0.04491084547941797
21837	0.07483851056576671	0.687424254031866	0.23773723540236721
21838	0.1766297758388685	0.7861171992977585	0.0372530248633731
21839	0.15005033223441192	0.05329541160961916	0.7966542561559689
21840	0.18866423822745473	0.742187711455759	0.06914805031678617
21841	0.06988325313821298	0.6091149567425277	0.3210017901192594
21842	0.021922784628826374	0.9489335841992069	0.029143631171966566
21843	0.025794439804520522	0.9625804061431305	0.011625154052348978
21844	0.05393554417031131	0.9314265380102136	0.014637917819475174
21845	0.1268434785213004	0.8579314155615057	0.01522510591719389
21846	0.4223929396933242	0.3822018671599697	0.1954051931467062
21847	0.4446228875849666	0.3444505313295344	0.21092658108549905
21848	0.22575307181913115	0.663034757633832	0.11121217054703682
21849	0.038149708236761205	0.46157716025091655	0.5002731315123223
21850	0.3072424525331261	0.6611060322981661	0.03165151516870778
21851	0.07674753585233364	0.9226577786266327	0.0005946855210336479
21852	0.024882029594281554	0.7827145975990512	0.1924033728066673
21853	0.2853938115844662	0.6275676305246002	0.08703855789093368
21854	0.03754810169269596	0.43143662648379505	0.5310152718235089
21855	0.21349933924307615	0.5385155431273131	0.24798511762961065
21856	0.2830767694322011	0.3666661601167667	0.35025707045103216
21857	0.0019879897164160024	0.010730092136848257	0.9872819181467356
21858	0.042168035067806996	0.9445189689044152	0.013312996027777706
21859	0.1322371001622069	0.8462055084456298	0.02155739139216331
21860	0.18782768852285464	0.47379785528939394	0.3383744561877513
21861	0.320925529080854	0.6383141773597486	0.04076029355939736
21862	0.09770583420599453	0.2373904681432088	0.6649036976507967
21863	0.380363769886902	0.44778092379012713	0.171855306322971
21864	0.02789390809013595	0.1493040531125826	0.8228020387972815
21865	0.026993547836250877	0.4074771111250098	0.5655293410387394
21866	0.2154109118634574	0.7584379092047242	0.026151178931818286
21867	0.13139842344702446	0.6789401211449271	0.18966145540804835
21868	0.4285293399148931	0.4861212580535264	0.08534940203158062
21869	0.1789471809081752	0.7572667291539871	0.06378608993783773
21870	0.07639237704875396	0.9071599798781853	0.016447643073060816
21871	0.4542544367789008	0.24655149025476192	0.2991940729663373
21872	0.0282899062803612	0.9392464008629151	0.032463692856723556
21873	0.24541213435111148	0.590388415630428	0.16419945001846056
21874	0.20751281381667222	0.6583126916292772	0.13417449455405062
21875	0.4893304546690082	0.25994561331054367	0.250723932020448
21876	0.250123546019559	0.7205405180259665	0.02933593595447446
21877	0.09659561648594198	0.45541199896837653	0.44799238454568147
21878	0.3134257741016997	0.6565291312190207	0.030045094679279533
21879	0.031869012456919935	0.4170348044803782	0.5510961830627018
21880	0.7783503325555527	0.1491494894763919	0.07250017796805526
21881	0.2552334005270481	0.7357007811239186	0.009065818349033226
21882	0.04457117318856261	0.298890170231071	0.6565386565803665
21883	0.4089916312183811	0.4967883509180154	0.09422001786360361
21884	0.23844376022980032	0.3889426229828257	0.3726136167873739
21885	0.05024457211136961	0.9071000810495635	0.04265534683906698
21886	0.00784290858847134	0.7622936413464846	0.22986345006504402
21887	0.09071553659253297	0.7704193476957801	0.1388651157116869
21888	0.07348923900272575	0.9228027321915419	0.0037080288057323744
21889	0.0272285668977998	0.9488659703800233	0.023905462722176966
21890	0.04942936859118964	0.9452767620291992	0.005293869379611213
21891	0.04230004769038449	0.9029151475276518	0.05478480478196376
21892	0.8211734339314077	0.12111829282082609	0.05770827324776609
21893	0.0055169553996769925	0.9708425410929559	0.02364050350736722
21894	0.02953066707328704	0.8701928710523696	0.10027646187434319
21895	0.13686316603768747	0.7678534961577567	0.09528333780455596
21896	0.02841276497163952	0.10036998888252015	0.8712172461458404
21897	0.6041088886404576	0.3180591021554942	0.07783200920404817
21898	0.09806668975398439	0.7834260050361593	0.11850730520985633
21899	0.22877991875369266	0.6964273371673818	0.07479274407892553
21900	0.04290271321240301	0.8451976973175754	0.11189958947002161
21901	0.46990964106679944	0.4732691868572155	0.05682117207598513
21902	0.06805594474356029	0.4416098016775543	0.4903342535788853
21903	0.14631094215177065	0.7651580220956617	0.08853103575256749
21904	0.03534202312034815	0.9494841930269734	0.015173783852678471
21905	0.3127942912637531	0.6089041227940645	0.0783015859421823
21906	0.012221097927627118	0.951989062423453	0.03578983964891976
21907	0.014163107759604254	0.9631784293385731	0.0226584629018226
21908	0.35045264801500237	0.3924922653466437	0.25705508663835386
21909	0.08058107368778694	0.46331783311804886	0.45610109319416425
21910	0.08250011899176318	0.8419257832867365	0.07557409772150028
21911	0.12484502490367723	0.8058995511882471	0.06925542390807576
21912	0.324808877846375	0.6555445489191492	0.019646573234475814
21913	0.3129620328451117	0.5761861526407798	0.11085181451410858
21914	0.010172253717819114	0.9850609613136229	0.004766784968558079
21915	0.12062678492165203	0.8464151745449646	0.032958040533383255
21916	0.0017349948842890301	0.07421974065691814	0.924045264458793
21917	0.32319711881488344	0.5942308586440523	0.08257202254106429
21918	0.04465728177343286	0.655972402378241	0.29937031584832613
21919	0.11317490827247798	0.4148199084766548	0.47200518325086716
21920	0.3880166377275875	0.6017300801850638	0.01025328208734872
21921	0.5480888414695378	0.4364828926206282	0.015428265909833969
21922	0.07754124298900461	0.8471833860291453	0.07527537098184998
21923	0.4941789758988303	0.3657573412313014	0.1400636828698682
21924	0.09249967769382528	0.34977407119835796	0.5577262511078168
21925	0.27831034055324655	0.453252258489341	0.2684374009574125
21926	0.10605871599107185	0.7826180033259027	0.1113232806830254
21927	0.06749780083763786	0.9065653440880497	0.025936855074312412
21928	0.8841257480434727	0.05240229792609218	0.06347195403043526
21929	0.7634398277031371	0.1734011408997759	0.06315903139708703
21930	0.18964074859706806	0.7186884604052611	0.09167079099767086
21931	0.015149094907742482	0.7074901648213197	0.2773607402709379
21932	0.07018090903384583	0.8014788378249849	0.12834025314116942
21933	0.22506783744760195	0.6797597537394713	0.09517240881292668
21934	0.12271270253820897	0.5916666404148891	0.2856206570469018
21935	0.07952888907516822	0.7467024671068434	0.1737686438179883
21936	0.040428788332021334	0.929110885341368	0.030460326326610644
21937	0.06309719786543083	0.8848772876142438	0.052025514520325285
21938	0.062942616065786	0.9152971236131712	0.021760260321042713
21939	0.0832190832757709	0.8347488761579921	0.08203204056623704
21940	0.26482180067768596	0.6342433173921298	0.10093488193018418
21941	0.04707081732712039	0.9449937181420833	0.00793546453079636
21942	0.6834759631722367	0.29862289506163203	0.017901141766131376
21943	0.5215115384392646	0.18803459771850478	0.2904538638422308
21944	0.022074329467105903	0.4807170671004756	0.49720860343241857
21945	0.011741952087224873	0.29131236919883097	0.6969456787139441
21946	0.05895585134874585	0.7087110455973576	0.23233310305389654
21947	0.01493907459446222	0.2495428569960329	0.735518068409505
21948	0.0935782306737894	0.5457942693347353	0.3606274999914753
21949	0.1169808776434318	0.8187642530230159	0.06425486933355229
21950	0.1348315822216297	0.7610366670520988	0.10413175072627152
21951	0.07863922799061876	0.8643473402124386	0.057013431796942585
21952	0.4413316461069735	0.45582991849782517	0.10283843539520138
21953	0.5745275180518794	0.3365257775493514	0.08894670439876912
21954	0.046148641415435364	0.8786473373065554	0.07520402127800932
21955	0.04982987652152758	0.9338328250260209	0.016337298452451438
21956	0.07811610115611856	0.9092599757496863	0.012623923094195069
21957	0.060733989218216364	0.6812745800006555	0.2579914307811282
21958	0.026233092389135328	0.9384885628636488	0.03527834474721588
21959	0.21127373956689469	0.7000679774924068	0.08865828294069855
21960	0.1982924866856074	0.5446788028638165	0.2570287104505761
21961	0.22979126999089633	0.5162350287276086	0.253973701281495
21962	0.3281476888837409	0.4866891207403011	0.185163190375958
21963	0.010176510032948121	0.9800328103186556	0.009790679648396196
21964	0.11710943140555066	0.8171981727035768	0.06569239589087246
21965	0.23904466353954476	0.7264069834709939	0.03454835298946144
21966	0.3666966626062084	0.5551108238032448	0.07819251359054678
21967	0.33247104356729756	0.6605318243216577	0.006997132111044696
21968	0.41879510520340607	0.4208518592784444	0.16035303551814947
21969	0.023079602417906152	0.13662758931502322	0.8402928082670708
21970	0.10984315589266648	0.8099740373941908	0.0801828067131427
21971	0.06232643372327916	0.8949638258104151	0.04270974046630564
21972	0.054406899297959506	0.9214374444982459	0.024155656203794642
21973	0.6257185624676084	0.2302057212300353	0.1440757163023564
21974	0.06634513388260482	0.9303634484395535	0.0032914176778415186
21975	0.09770631979403377	0.8985439032897694	0.0037497769161968426
21976	0.6375761233205578	0.28989813726982744	0.0725257394096147
21977	0.4079981770060916	0.46551492352446694	0.12648689946944153
21978	0.2556510239974446	0.7039435771513952	0.040405398851160276
21979	0.2146282755545632	0.7747107370329582	0.010660987412478468
21980	0.010579429828825877	0.012528993604157828	0.9768915765670161
21981	0.3850971417769109	0.5461254444026958	0.06877741382039325
21982	0.09914131189387984	0.4295523557403932	0.47130633236572705
21983	0.02241593652080618	0.8267184953710952	0.1508655681080987
21984	0.06783463146265227	0.822393308749652	0.1097720597876957
21985	0.4396818242053592	0.40165114102690563	0.1586670347677352
21986	0.12553998149819895	0.72476592155623	0.14969409694557106
21987	0.10573820714442117	0.7463936180743423	0.14786817478123654
21988	0.11309938896279269	0.5057162815742022	0.3811843294630051
21989	0.15110954413765726	0.4071204766334675	0.4417699792288753
21990	0.16371246399107775	0.6318245778488926	0.20446295816002974
21991	0.010392225992587819	0.01952841895461077	0.9700793550528015
21992	0.013044505150593905	0.9708398630733254	0.0161156317760806
21993	0.08799274778525233	0.14673893140910135	0.7652683208056463
21994	0.018982350367444313	0.06913471664142769	0.9118829329911281
21995	0.036424225816146474	0.925552393731463	0.03802338045239039
21996	0.07411171548623627	0.643217826282321	0.2826704582314426
21997	0.20293809510947777	0.693031880445113	0.10403002444540932
21998	0.6129693035317774	0.25597662288575623	0.13105407358246648
21999	0.011147445192219264	0.9729639388509418	0.015888615956838957
22000	0.31235921291729524	0.6284058013437384	0.059234985738966406
22001	0.23186578788743417	0.7112945107035197	0.05683970140904614
22002	0.061248276333433285	0.8536345216912054	0.08511720197536139
22003	0.18152929846029028	0.42195534331173584	0.39651535822797396
22004	0.37122134985629945	0.48107733374592687	0.1477013163977737
22005	0.04434795560630215	0.2851843787073263	0.6704676656863716
22006	0.1401279388027132	0.7105155885344794	0.14935647266280738
22007	0.19424884372954193	0.6418305695547755	0.16392058671568263
22008	0.047072003400657876	0.4454427999929383	0.5074851966064039
22009	0.8238993701413344	0.08496896445323597	0.0911316654054295
22010	0.1512500271415198	0.597406875635314	0.2513430972231661
22011	0.7590474332719593	0.2154518659600879	0.025500700767952685
22012	0.5542275502960713	0.3813564549681098	0.06441599473581887
22013	0.0726047530137017	0.914155856106561	0.01323939087973715
22014	0.0128866386309806	0.9240641451578719	0.06304921621114737
22015	0.04717286913065961	0.9422121316509432	0.01061499921839713
22016	0.13050557378124675	0.6852090413631898	0.18428538485556353
22017	0.07735697030723844	0.68591403884506	0.23672899084770155
22018	0.04103806570790178	0.1531808392042808	0.8057810950878174
22019	0.32634488543698675	0.541211001609102	0.13244411295391123
22020	0.41127762626074926	0.5616403637204791	0.027082010018771637
22021	0.10155842782367323	0.8807878165470265	0.01765375562930019
22022	0.0585743846646542	0.918200439147995	0.02322517618735091
22023	0.03779812126210195	0.9600406564829452	0.002161222254952905
22024	0.6836468233047087	0.2589337938115665	0.057419382883724744
22025	0.4439097032277078	0.23864057728045202	0.3174497194918401
22026	0.034398185034965625	0.38384929020972275	0.5817525247553117
22027	0.16076825444769496	0.6264093112473541	0.21282243430495096
22028	0.40446289401341945	0.5233234486097111	0.0722136573768695
22029	0.1748608026687974	0.28034765510054377	0.5447915422306587
22030	0.06387453605972186	0.09074449398812957	0.8453809699521485
22031	0.02990095241210676	0.17284651894374653	0.7972525286441468
22032	0.14547129020630356	0.06041861957156585	0.7941100902221306
22033	0.770795695382266	0.14223452668898526	0.08696977792874891
22034	0.41333996393474437	0.4987290770558353	0.08793095900942047
22035	0.2817462546061037	0.6619886620292501	0.05626508336464627
22036	0.11404073303175273	0.3403441881151517	0.5456150788530957
22037	0.7113895536822532	0.14943354412799334	0.13917690218975354
22038	0.007322707448438495	0.9823645673024166	0.010312725249144884
22039	0.00482234126091305	0.9839248710306082	0.011252787708478672
22040	0.03337772641838719	0.957055954636506	0.009566318945106846
22041	0.028635605890046243	0.9170671567057591	0.054297237404194676
22042	0.05060044514348333	0.6012495898921758	0.3481499649643408
22043	0.14304563299035994	0.6386398737877916	0.21831449322184845
22044	0.36304936708331004	0.5679951821101948	0.06895545080649516
22045	0.011283001446714446	0.9200573131644385	0.06865968538884704
22046	0.007824095989905877	0.9125797857114908	0.07959611829860334
22047	0.231250960722884	0.7308793597170112	0.03786967956010466
22048	0.018005485338536353	0.9295020455406471	0.05249246912081653
22049	0.17499330333367308	0.8094643767701211	0.015542319896205753
22050	0.2028214806394446	0.5972868375848733	0.19989168177568217
22051	0.05278638086663704	0.9202153530091929	0.02699826612417
22052	0.1127083924394449	0.8603787500478559	0.026912857512699125
22053	0.23630535275397424	0.7385483805560259	0.02514626668999987
22054	0.004301126621172626	0.21561638594730648	0.7800824874315208
22055	0.01875687989401351	0.74140733776036	0.23983578234562639
22056	0.26791896174221136	0.6064910814666588	0.12558995679112978
22057	0.0022494322687581026	0.019185653702733757	0.9785649140285081
22058	0.5151478337418612	0.46107302803812217	0.02377913822001657
22059	0.056065592465354974	0.0614573931511041	0.8824770143835409
22060	0.12028828359909798	0.38360473801362105	0.496106978387281
22061	0.1894880876882025	0.18139383639024073	0.6291180759215567
22062	0.1722352797655482	0.47978836027167154	0.34797635996278015
22063	0.030129542435224994	0.10644453793728942	0.8634259196274856
22064	0.021169925987923104	0.9002003506057767	0.07862972340630012
22065	0.11068580464324777	0.4430302750309558	0.44628392032579633
22066	0.4454590965404772	0.31719233128812474	0.23734857217139801
22067	0.3438293417786362	0.6028089910247396	0.05336166719662423
22068	0.05368179143791117	0.7237533002463364	0.22256490831575232
22069	0.08103665157698511	0.5610608129524722	0.3579025354705427
22070	0.015762692660591653	0.09899603569770478	0.8852412716417035
22071	0.20678576126879133	0.6828359496180607	0.11037828911314801
22072	0.42891248525675096	0.42779341224837986	0.14329410249486912
22073	0.09666649606994525	0.3741345446182834	0.5291989593117714
22074	0.3087572377305527	0.5790187727518714	0.11222398951757577
22075	0.019579677099243804	0.21235857225789329	0.7680617506428629
22076	0.12726718047000427	0.4819626558399565	0.3907701636900392
22077	0.3568517539138595	0.5808332812484343	0.062314964837706203
22078	0.007278705385058277	0.003803388077024905	0.988917906537917
22079	0.05762171511875335	0.19796436438695636	0.7444139204942903
22080	0.2164628884151817	0.5863825478678291	0.19715456371698922
22081	0.4651441748192464	0.44440287602595235	0.0904529491548012
22082	0.0560168963827976	0.126450705378791	0.8175323982384114
22083	0.26254765495370286	0.46731218462872187	0.27014016041757516
22084	0.17225797235056614	0.6732099312146755	0.15453209643475835
22085	0.22900921338260682	0.5461605043672716	0.22483028225012164
22086	0.46646755632467307	0.4978447943190783	0.03568764935624861
22087	0.3042100146898206	0.49929326667148277	0.19649671863869655
22088	0.14490789856470135	0.13781119481457943	0.7172809066207193
22089	0.31999926040492643	0.589086093592264	0.09091464600280962
22090	0.43793608731875755	0.5007358902888431	0.06132802239239934
22091	0.02455314719549674	0.859087884851313	0.11635896795319024
22092	0.6889992993892107	0.27744749178229117	0.03355320882849829
22093	0.18184378717937566	0.5209454420356892	0.29721077078493513
22094	0.4912223270073927	0.4024034066410089	0.10637426635159834
22095	0.02123035398567736	0.2805382201384214	0.6982314258759013
22096	0.5538241026246382	0.31831886632864737	0.12785703104671445
22097	0.0771824440764449	0.8844553516336175	0.038362204289937474
22098	0.07165843336636461	0.8358876643971762	0.09245390223645922
22099	0.008726124968265402	0.9731121711852104	0.018161703846524206
22100	0.03971109868822879	0.7294814231085761	0.23080747820319505
22101	0.1563937969741588	0.2971794793967818	0.5464267236290594
22102	0.3643498286832332	0.5459019072141228	0.08974826410264404
22103	0.5841858438636396	0.3723803715609861	0.043433784575374425
22104	0.5950395200918666	0.24020552700676864	0.16475495290136474
22105	0.029640232964586656	0.9679440066436679	0.0024157603917455005
22106	0.7182257086539978	0.2351417757690945	0.046632515576907584
22107	0.35948344572541646	0.4205383550630466	0.219978199211537
22108	0.11307606979289354	0.8548803914194018	0.032043538787704794
22109	0.4290795156147376	0.06557260961620792	0.5053478747690545
22110	0.0214020868205252	0.9473866785443031	0.031211234635171663
22111	0.07309391490585425	0.8673460628459817	0.059560022248164035
22112	0.23487494706080225	0.624710480353634	0.1404145725855638
22113	0.33369492063014805	0.44728601734156465	0.2190190620282873
22114	0.010546661304967174	0.9866221707447587	0.0028311679502742476
22115	0.29837178811399684	0.5638844039450036	0.13774380794099955
22116	0.09367183517946448	0.4577318129101456	0.44859635191039
22117	0.32456235724607185	0.5537744472328942	0.12166319552103398
22118	0.1780393270301746	0.7094168862852936	0.11254378668453169
22119	0.33107391688155335	0.5020211516602114	0.16690493145823518
22120	0.1433789567617138	0.807812936457894	0.04880810678039212
22121	0.4494501176074827	0.4287065596646473	0.12184332272786996
22122	0.2725676822568608	0.5861084543305446	0.14132386341259465
22123	0.44905333431339245	0.4511470175540973	0.09979964813251027
22124	0.12058630408316669	0.6431444413002326	0.23626925461660062
22125	0.073734907236745	0.6331629348465287	0.29310215791672617
22126	0.1497319155950287	0.8177981763508742	0.03246990805409729
22127	0.03624470085109947	0.9577251441543194	0.006030154994581208
22128	0.02836958801016358	0.5785177655051407	0.3931126464846957
22129	0.09665036923644015	0.8756679050679382	0.027681725695621627
22130	0.08486967555206829	0.7903700910627119	0.12476023338521974
22131	0.21128581512602018	0.5943167280214253	0.19439745685255444
22132	0.08310410513923536	0.20079212856505774	0.7161037662957069
22133	0.3763556615660881	0.5279526494546614	0.09569168897925052
22134	0.039960767826179744	0.6259507686780318	0.33408846349578847
22135	0.2923047896925614	0.5205091029415158	0.18718610736592278
22136	0.03384324768341173	0.9412764862699714	0.024880266046616833
22137	0.025033928219107552	0.9198622272553506	0.055103844525541984
22138	0.3588888160498783	0.6117109026036267	0.02940028134649499
22139	0.042719354254990134	0.3555248798466415	0.6017557658983684
22140	0.16756914503599132	0.6757141878926516	0.15671666707135712
22141	0.05162584348594031	0.9379305719174855	0.010443584596574101
22142	0.4107827416293392	0.5407661327281827	0.048451125642478166
22143	0.103013232758244	0.20945880648856288	0.687527960753193
22144	0.103013232758244	0.20945880648856288	0.687527960753193
22145	0.22576869980606043	0.7139147789550232	0.06031652123891629
22146	0.6577109065128987	0.27055222080075414	0.07173687268634717
22147	0.12064327034182147	0.8033764409471841	0.07598028871099442
22148	0.1810558465875604	0.5347545519150008	0.2841896014974389
22149	0.035338299490264645	0.8696955351128706	0.09496616539686484
22150	0.09222423833509114	0.8528008831710722	0.05497487849383675
22151	0.4999092314292456	0.4417824861056344	0.058308282465120036
22152	0.051702704610576765	0.7710902483028106	0.17720704708661264
22153	0.13579691704614918	0.7609617547697821	0.10324132818406868
22154	0.0046378661699592654	0.9528525255701378	0.0425096082599029
22155	0.21454041637391477	0.680383980304603	0.1050756033214823
22156	0.059053617473288515	0.6650989814050579	0.2758474011216536
22157	0.011505440348448873	0.9791401283405234	0.009354431311027646
22158	0.13088146337279893	0.8070742863681393	0.06204425025906174
22159	0.08787553320608027	0.7272316266799485	0.18489284011397134
22160	0.014247931052790043	0.6369805648627613	0.34877150408444857
22161	0.027126099932009786	0.11544633412846117	0.8574275659395288
22162	0.28214957886780273	0.5335123038003853	0.18433811733181202
22163	0.1638511746732868	0.6342868509550053	0.20186197437170794
22164	0.029425990003869237	0.9634683508991486	0.0071056590969820945
22165	0.17401112568303098	0.31381771069247233	0.5121711636244966
22166	0.11284999254555547	0.858516806423851	0.028633201030593622
22167	0.24918323664281747	0.5541589784117432	0.19665778494543937
22168	0.09696752554547	0.7548256567787938	0.14820681767573624
22169	0.21809483443481592	0.3798125303928577	0.4020926351723264
22170	0.6480381079580377	0.32199182064378096	0.029970071398181305
22171	0.2455172006655669	0.4424684359255914	0.3120143634088417
22172	0.17271928047899965	0.8136478882941292	0.013632831226871225
22173	0.017687528789105993	0.9646221114649222	0.017690359745971877
22174	0.17932078080561786	0.816931542222401	0.003747676971981122
22175	0.17934769333239844	0.7568563903924326	0.06379591627516887
22176	0.09320937527617104	0.29679471995306217	0.6099959047707667
22177	0.026443261723741444	0.16086247180243562	0.8126942664738229
22178	0.011454084293503137	0.9800803739895803	0.008465541716916618
22179	0.13104484728424937	0.8124843993126298	0.05647075340312067
22180	0.05371887649018852	0.8765607333900658	0.06972039011974565
22181	0.15898899537824707	0.3937869601206126	0.4472240445011403
22182	0.2249771195307343	0.6573817742293785	0.11764110623988729
22183	0.15794464259747196	0.8119770464048885	0.030078310997639444
22184	0.10448574300094171	0.8698517686036031	0.025662488395455214
22185	0.190908512257873	0.7851283874820109	0.023963100260116162
22186	0.13343261392861552	0.5301284119874285	0.3364389740839559
22187	0.3233672806945021	0.6224992410740625	0.05413347823143542
22188	0.4571702129695713	0.45217519340544005	0.09065459362498868
22189	0.0547555243503597	0.05181263680895399	0.8934318388406862
22190	0.19228904897317492	0.7814722054296093	0.026238745597215854
22191	0.740136706543455	0.16561003508984115	0.09425325836670405
22192	0.13696582891410003	0.7789240161598269	0.08411015492607318
22193	0.6875527065630205	0.29608938474850754	0.01635790868847212
22194	0.2865851650142833	0.6715977473290945	0.04181708765662221
22195	0.0685015067510633	0.658018190017161	0.27348030323177563
22196	0.09817638582491477	0.48429469031580663	0.41752892385927864
22197	0.7401561768750451	0.11378824739864277	0.14605557572631211
22198	0.05305436945806248	0.6439072676972473	0.3030383628446902
22199	0.14647336455677323	0.667946683812807	0.18557995163041982
22200	0.12919779729722322	0.8389972616314427	0.03180494107133402
22201	0.21753125442797455	0.725424118217306	0.057044627354719386
22202	0.23332062152580868	0.7548908635576373	0.011788514916554008
22203	0.012689014599551894	0.06824852005500125	0.9190624653454469
22204	0.019614961673036082	0.49097342597750193	0.4894116123494619
22205	0.389925966593085	0.46763582270973486	0.14243821069718016
22206	0.5180979505200239	0.3363743440289703	0.1455277054510058
22207	0.008224953222333603	0.8647281429134469	0.12704690386421957
22208	0.564631362410952	0.14759579331023465	0.28777284427881344
22209	0.03616375076391956	0.7786327716335231	0.18520347760255743
22210	0.051528538081587416	0.839461570358194	0.10900989156021851
22211	0.018554422829702565	0.8044878262883017	0.17695775088199564
22212	0.24408416935076446	0.33614880396961694	0.41976702667961857
22213	0.5931074181143148	0.2847694784631875	0.12212310342249776
22214	0.060947824387569266	0.4613288762201777	0.47772329939225305
22215	0.05120919599005066	0.8806649472188461	0.06812585679110322
22216	0.08890060780193436	0.7851133747832367	0.12598601741482887
22217	0.02114637199222704	0.4582904600528842	0.5205631679548888
22218	0.09529154730643158	0.7210942338176265	0.18361421887594181
22219	0.36289340679864673	0.6009460812840839	0.03616051191726944
22220	0.03369528220531122	0.9568801193248474	0.009424598469841452
22221	0.016851938348884987	0.9822546057936775	0.0008934558574376002
22222	0.03818336923246126	0.5469689180423294	0.41484771272520937
22223	0.044827425039493954	0.8963312510937472	0.05884132386675887
22224	0.06294138209050043	0.46274837297877874	0.4743102449307208
22225	0.040161997877868255	0.8825139006346204	0.07732410148751126
22226	0.1032695147480165	0.8526275336685094	0.044102951583474166
22227	0.06433726356202438	0.5971598233713545	0.33850291306662117
22228	0.10069683961813447	0.8514033556890082	0.047899804692857345
22229	0.07199875652330692	0.8707449208030018	0.0572563226736913
22230	0.35752494735511475	0.42486647030103997	0.21760858234384536
22231	0.09571431149093844	0.7767174425183448	0.12756824599071667
22232	0.09450439351710939	0.7355026203988623	0.1699929860840283
22233	0.22480601916286888	0.7007884579900102	0.07440552284712099
22234	0.2631775739364541	0.7072919268856496	0.0295304991778965
22235	0.6541829478661173	0.3215883592901372	0.024228692843745632
22236	0.7952527045550424	0.14422267279875284	0.06052462264620482
22237	0.5887011441569259	0.25950800846559446	0.15179084737747967
22238	0.003918238090512118	0.9954077480422057	0.0006740138672822784
22239	0.038355698379813764	0.9477919874609809	0.013852314159205294
22240	0.0034687455237908623	0.9562667310844605	0.04026452339174877
22241	0.057173166938249545	0.4281635767453005	0.51466325631645
22242	0.5785942371702755	0.33103711439544253	0.090368648434282
22243	0.02535072997008419	0.7764609474910269	0.1981883225388889
22244	0.1977062993998232	0.5501547227108936	0.2521389778892832
22245	0.13713833515573562	0.6717853576849494	0.19107630715931492
22246	0.03956878514195303	0.2649287271459669	0.6955024877120801
22247	0.013422677012368057	0.3763970631396962	0.6101802598479359
22248	0.44581338602980963	0.4551447380369503	0.09904187593324017
22249	0.008423080079766053	0.4561827690595159	0.5353941508607181
22250	0.322295388409919	0.5480788441495288	0.12962576744055226
22251	0.16410991167294706	0.4694421946224913	0.36644789370456177
