21257	0.029285826390306302	0.6918100049183911	0.2789041686913027
21258	0.03919922567073199	0.9361130195432885	0.024687754785979534
21259	0.15807472741050674	0.777774037964993	0.06415123462450027
21260	0.16918504815294733	0.6432587185819811	0.1875562332650714
21261	0.20939892469907756	0.35464112903530515	0.43595994626561724
21262	0.3951512119815479	0.3388352860938119	0.2660135019246402
21263	0.05187560880656509	0.8976102543856013	0.05051413680783359
21264	0.40086559059090465	0.4511154845793972	0.14801892482969825
21265	0.5920084084590784	0.33730865885138467	0.07068293268953697
21266	0.04494736914636247	0.6533805265345253	0.30167210431911223
21267	0.007661668714520835	0.019338679734454647	0.9729996515510244
21268	0.005713138963197824	0.9366052311169345	0.05768162991986759
21269	0.03256273416335562	0.8888733397315635	0.07856392610508102
21270	0.18358304494596828	0.602142308819378	0.21427464623465375
21271	0.39259628389659057	0.36441244696873354	0.24299126913467586
21272	0.10406107303711375	0.8566944535383384	0.03924447342454788
21273	0.1551877802458935	0.8365908835444806	0.00822133620962592
21274	0.11106326769044772	0.7890955707139589	0.09984116159559339
21275	0.7633551796776764	0.1836524734683753	0.052992346853948234
21276	0.0779198283984631	0.877806436711351	0.044273734890185816
21277	0.0283540304512527	0.8797498609212221	0.09189610862752526
21278	0.7288361579318758	0.2102096100025737	0.060954232065550396
21279	0.5074209858343771	0.4310652546117201	0.06151375955390269
21280	0.07935154178556374	0.6494913871813114	0.271157071033125
21281	0.3145183609367626	0.42864844839192	0.25683319067131744
21282	0.04751203806776301	0.28450381831314353	0.6679841436190934
21283	0.1440761874749358	0.6959316363073808	0.15999217621768352
21284	0.04394151133413755	0.764097761719943	0.19196072694591934
21285	0.014266245128950868	0.9321919699733847	0.05354178489766449
21286	0.07823496849316845	0.9066115909132073	0.015153440593624288
21287	0.4638435964300513	0.4787221603067171	0.057434243263231655
21288	0.026895286485011417	0.9461744511385821	0.026930262376406427
21289	0.04812658232530858	0.9401875824071336	0.011685835267557697
21290	0.019522134378898773	0.8551674091308735	0.1253104564902277
21291	0.10175185953160687	0.7421700483590038	0.15607809210938944
21292	0.06279689748520742	0.7945685588124154	0.14263454370237716
21293	0.12283975817610447	0.7869421367171511	0.09021810510674444
21294	0.06691380655728084	0.14515762787009237	0.7879285655726268
21295	0.23703150531428474	0.5041375714510159	0.25883092323469936
21296	0.3579122334924599	0.5190642282652862	0.12302353824225395
21297	0.19980613348303491	0.656891475351478	0.1433023911654871
21298	0.050341510192075195	0.8944804111448009	0.055178078663123985
21299	0.2010916112248599	0.6285384289986774	0.17036995977646266
21300	0.10452311428617007	0.7482989230727035	0.14717796264112634
21301	0.08257514855772757	0.20144408495168667	0.7159807664905857
21302	0.014903315393813262	0.9824885586660831	0.0026081259401036488
21303	0.19351485564022403	0.6984819998370168	0.1080031445227592
21304	0.7415134118081387	0.12492600843364633	0.1335605797582151
21305	0.08536987530122447	0.6287381516461785	0.28589197305259695
21306	0.08568563420306645	0.7978569048759973	0.11645746092093635
21307	0.3441405157259121	0.572621992721912	0.08323749155217591
21308	0.09086633166354728	0.8137187767096061	0.09541489162684649
21309	0.08388713247388936	0.5160263398237471	0.4000865277023636
21310	0.3870192117714891	0.35661161945213044	0.2563691687763805
21311	0.6688310075750097	0.31224815032109465	0.01892084210389565
21312	0.019818844211580765	0.04145270123317096	0.9387284545552482
21313	0.022218488080397027	0.9701834286102108	0.007598083309392088
21314	0.10937977750538129	0.8171948567454775	0.0734253657491412
21315	0.14578321980315562	0.6298166498006205	0.22440013039622406
21316	0.18360911062086482	0.14559227010722922	0.670798619271906
21317	0.6805439208453268	0.18807008473010606	0.13138599442456725
21318	0.2744716765085957	0.6795954074906123	0.045932916000792044
21319	0.06264671984026123	0.7777243570748165	0.15962892308492227
21320	0.33821603672755346	0.5004347209679166	0.16134924230452988
21321	0.09697810230939476	0.6495405117044388	0.2534813859861664
21322	0.3202783954621976	0.635130419868084	0.044591184669718294
21323	0.03953841693944169	0.9452042225690527	0.015257360491505606
21324	0.23374312598140207	0.4539784564969312	0.3122784175216668
21325	0.02686576224306191	0.8438249242801278	0.1293093134768102
21326	0.08094239495741495	0.8420235696717528	0.07703403537083221
21327	0.3944933498261764	0.36549336353123923	0.24001328664258437
21328	0.3740507584767097	0.5152886134235557	0.11066062809973455
21329	0.013645315859772628	0.23349373184900296	0.7528609522912244
21330	0.047162229856862754	0.35021013042925636	0.6026276397138809
21331	0.007932866726722984	0.30396146259880097	0.6881056706744761
21332	0.09314073960390311	0.5878734485891356	0.3189858118069613
21333	0.3567732573488796	0.5897412729431384	0.053485469707982035
21334	0.05459413544608077	0.8864740129928372	0.05893185156108186
21335	0.10449155087782686	0.8590369607054559	0.03647148841671742
21336	0.006684726370465	0.9548900798346767	0.03842519379485842
21337	0.2917463976508746	0.534949968715386	0.17330363363373935
21338	0.08808181711297493	0.3263342725525805	0.5855839103344446
21339	0.017463711529101453	0.38636077426716214	0.5961755142037365
21340	0.10673887572883829	0.6991684316620784	0.19409269260908327
21341	0.29053692503763484	0.5987281086777414	0.11073496628462379
21342	0.32373244475171076	0.3093774526193177	0.36689010262897154
21343	0.33842076275046035	0.5980514617211345	0.06352777552840518
21344	0.35119741910631014	0.41454471586807273	0.23425786502561702
21345	0.5382772123584924	0.3373661550401104	0.12435663260139725
21346	0.3652441633346605	0.501215181459629	0.1335406552057106
21347	0.014130570073025896	0.6944371991462883	0.29143223078068575
21348	0.3452640443807529	0.6176518966428676	0.03708405897637951
21349	0.040222064595490895	0.9550936016787642	0.0046843337257448025
21350	0.3135513519737943	0.6631043324395772	0.02334431558662855
21351	0.06807497967949905	0.8962289423760926	0.03569607794440831
21352	0.3014365138147891	0.6607916221291387	0.03777186405607221
21353	0.37431181950035297	0.5080085783891634	0.11767960211048366
21354	0.12859415460163956	0.6352857024076511	0.23612014299070927
21355	0.0362292096951575	0.9571700107363676	0.006600779568474916
21356	0.07180670651489643	0.9178204317088537	0.01037286177624973
21357	0.2787645277598636	0.5869758288521718	0.13425964338796462
21358	0.17290944961571705	0.7583858059418631	0.0687047444424198
21359	0.21490112208816484	0.7142371226128017	0.07086175529903337
21360	0.2702388831466512	0.6068317177835173	0.12292939906983148
21361	0.19828535440214629	0.4603559111057186	0.34135873449213494
21362	0.11090012362070767	0.49158099443631664	0.3975188819429756
21363	0.2942090347953769	0.6607536463469076	0.04503731885771549
21364	0.11268939571295034	0.8839386188059423	0.0033719854811074196
21365	0.18719198230641032	0.7302226482460407	0.08258536944754903
21366	0.06403538598639605	0.8826888560413351	0.05327575797226897
21367	0.03190778910231533	0.9304981402313016	0.03759407066638298
21368	0.2914352737146676	0.3907205182921583	0.3178442079931741
21369	0.14732730533699953	0.4311170526405274	0.4215556420224732
21370	0.7010584189305948	0.2741909740966289	0.02475060697277619
21371	0.19171733914568548	0.7816452186702375	0.02663744218407709
21372	0.11937956915419523	0.8412037334456038	0.03941669740020098
21373	0.4008389031291692	0.4968603453860489	0.10230075148478193
21374	0.020791876428130688	0.9668960393193711	0.012312084252498277
21375	0.10375372907948838	0.8487564708647778	0.04748980005573376
21376	0.5252262124596263	0.2622163288527887	0.21255745868758497
21377	0.3717015748051889	0.3090238793015204	0.3192745458932906
21378	0.09126952093646948	0.8264047869692198	0.08232569209431082
21379	0.41963084038525356	0.33839665632227295	0.2419725032924735
21380	0.06441962596572925	0.8019604407783615	0.13361993325590937
21381	0.5611249769458885	0.2899055586048967	0.14896946444921486
21382	0.11983428338681973	0.6316834744908152	0.2484822421223651
21383	0.19388954619903856	0.7523186547187348	0.05379179908222656
21384	0.12641997346487543	0.29590433006253564	0.577675696472589
21385	0.09433507019618596	0.721496104334066	0.184168825469748
21386	0.12716260563103318	0.3768402653341796	0.49599712903478715
21387	0.07883192119418536	0.8995284023390221	0.021639676466792535
21388	0.028561776040790986	0.8827907016236586	0.08864752233555051
21389	0.14517662317240188	0.7471476873364327	0.1076756894911656
21390	0.2335835444773132	0.6926176392285153	0.07379881629417151
21391	0.00799100019372867	0.9907442422818719	0.001264757524399421
21392	0.044311296566110187	0.5476214904691376	0.40806721296475235
21393	0.01065552845533425	0.4825074371534791	0.5068370343911865
21394	0.05902968694867649	0.7914112269103504	0.1495590861409732
21395	0.5879443311608252	0.16536751315222464	0.24668815568695018
21396	0.032734236836277505	0.8082543629691744	0.15901140019454807
21397	0.31403215102030035	0.5244029724190353	0.16156487656066423
21398	0.16515963107152296	0.5938612915370676	0.24097907739140947
21399	0.4132028735798538	0.2605472700147697	0.32624985640537646
21400	0.06996544113564492	0.8902410573595332	0.03979350150482182
21401	0.11946888649296958	0.5699357802609782	0.3105953332460522
21402	0.0020011026989908945	0.9806806781625433	0.017318219138465676
21403	0.004121172931558376	0.688218812707334	0.3076600143611076
21404	0.05526051813986549	0.5047724887786039	0.4399669930815306
21405	0.11609484923240386	0.4699196543394967	0.4139854964280994
21406	0.300709385749371	0.37539885417070834	0.3238917600799206
21407	0.058076069403272014	0.6654044348215424	0.2765194957751857
21408	0.14268533463323285	0.8283012623991384	0.02901340296762874
21409	0.06298805487611747	0.8928662799919109	0.04414566513197163
21410	0.08900576897279039	0.8602316531788591	0.05076257784835064
21411	0.05921832343631087	0.9001000097484532	0.04068166681523604
21412	0.10377334939930083	0.8391684669591839	0.05705818364151525
21413	0.7216856212093052	0.2126569151669813	0.06565746362371352
21414	0.0068682760877795965	0.7608820746662793	0.23224964924594102
21415	0.02415694952182604	0.9326767932176113	0.043166257260562724
21416	0.05573133959540505	0.280070153703018	0.664198506701577
21417	0.5736547617698265	0.4111751355629725	0.01517010266720094
21418	0.5787966389160917	0.39624104830501033	0.024962312778898047
21419	0.4130252105100529	0.5308651667099658	0.05610962277998133
21420	0.011271588818269082	0.8693559487497132	0.11937246243201764
21421	0.14739453099328328	0.654125414674686	0.1984800543320308
21422	0.5213688495460551	0.4629148751809605	0.015716275272984418
21423	0.05394868110455294	0.9250772788668027	0.020974040028644288
21424	0.23164656087702473	0.6987411604129066	0.06961227871006874
21425	0.025583881468273274	0.92303231502627	0.05138380350545673
21426	0.1316265319088418	0.5633542340037999	0.30501923408735815
21427	0.0651527808934629	0.8400755897117198	0.09477162939481737
21428	0.26987132620434046	0.6490406519933207	0.08108802180233884
21429	0.0950681488335525	0.8843264338830036	0.020605417283443964
21430	0.24222843695099	0.4699954944475061	0.287776068601504
21431	0.04037162104382915	0.44839689716711145	0.5112314817890594
21432	0.4530200749718542	0.4584542942944353	0.08852563073371054
21433	0.28687036989629305	0.4312821743206822	0.2818474557830247
21434	0.11748001709745594	0.35388124230658335	0.5286387405959606
21435	0.14238929081007468	0.6911057599836393	0.16650494920628592
21436	0.2607207623771691	0.6406981384032185	0.09858109921961243
21437	0.13403176785403434	0.8536817524770063	0.012286479668959325
21438	0.22710421879340767	0.14190558307473722	0.6309901981318552
21439	0.08557794943428168	0.7146817298473024	0.1997403207184159
21440	0.5724971868503949	0.3808338166842994	0.0466689964653057
21441	0.4438188896408608	0.38166614165212204	0.17451496870701708
21442	0.4461949862605191	0.4398271090526501	0.11397790468683085
21443	0.03169400375807838	0.28216218622241507	0.6861438100195066
21444	0.7726345589294195	0.2120123013822454	0.01535313968833502
21445	0.15506018665563312	0.651742775757451	0.19319703758691598
21446	0.33879177556074996	0.5620862421242288	0.09912198231502128
21447	0.052679036458257035	0.364857046066477	0.582463917475266
21448	0.011253050908826797	0.46807772377954987	0.5206692253116233
21449	0.06545533615527518	0.7613057449269318	0.173238918917793
21450	0.17559304930508737	0.5779653647234796	0.2464415859714331
21451	0.06604437555467044	0.21029651919768375	0.7236591052476458
21452	0.25000609012167546	0.6361901078537826	0.11380380202454195
21453	0.3884293365030211	0.4722181551593968	0.13935250833758206
21454	0.029451181176148356	0.9379777719501047	0.032571046873746956
21455	0.2200951785540546	0.624298036990604	0.15560678445534126
21456	0.06058534339938274	0.7122445022676439	0.22717015433297338
21457	0.34575426345467786	0.6464775838093012	0.007768152736020967
21458	0.01806706468733344	0.49361574847790285	0.4883171868347638
21459	0.11103342022988048	0.5686551675728239	0.32031141219729564
21460	0.30300029849568816	0.1382069680854372	0.5587927334188746
21461	0.2644239503495912	0.5824671073138942	0.15310894233651462
21462	0.7769882187142038	0.22090188445853148	0.0021098968272648
21463	0.0484454591315443	0.3040909760621635	0.6474635648062923
21464	0.4661480346107711	0.09511665006908258	0.43873531532014626
21465	0.8071433438518306	0.13285358898734595	0.060003067160823355
21466	0.5337852259464837	0.38868673523837066	0.07752803881514568
21467	0.026782954183854735	0.6160550521331011	0.35716199368304413
21468	0.07562191154963029	0.8813110307262008	0.04306705772416896
21469	0.0037916969922826777	0.9941241828702128	0.0020841201375046948
21470	0.053888271614504005	0.7859764505087714	0.16013527787672452
21471	0.4279311153384543	0.3683966095470518	0.203672275114494
21472	0.1512621828079634	0.844282385567128	0.00445543162490854
21473	0.009978875576846326	0.16743895812626503	0.8225821662968885
21474	0.047514706397550024	0.6431212918258364	0.3093640017766136
21475	0.1274877687471864	0.573723527962518	0.29878870329029555
21476	0.18975306679794582	0.4543092788064053	0.35593765439564884
21477	0.04765666100712563	0.3629728780146684	0.5893704609782061
21478	0.2568309675387747	0.6616758500003375	0.08149318246088787
21479	0.10741928132348418	0.34946956830649245	0.5431111503700233
21480	0.24852940926391054	0.6522210949623867	0.09924949577370279
21481	0.20829139996575957	0.6897776373509201	0.10193096268332033
21482	0.4150765018220463	0.4877087777470823	0.09721472043087119
21483	0.3739916353334326	0.46880743817600457	0.1572009264905629
21484	0.029148620583108447	0.7062433126662563	0.2646080667506353
21485	0.08143962533722737	0.34710861757054856	0.5714517570922241
21486	0.00012980925476215147	0.010458476947198904	0.9894117137980389
21487	0.0023209991129273543	0.055365658489652816	0.9423133423974197
21488	0.05266001432167723	0.9433067084416511	0.0040332772366715435
21489	0.23751140848155006	0.7484274587070997	0.014061132811350272
21490	0.4964503644629263	0.38027139923473346	0.12327823630234024
21491	0.03721021589591689	0.9517561127578557	0.011033671346227524
21492	0.07119459524754453	0.9219792976492744	0.006826107103180929
21493	0.053241926868021996	0.9255515258928165	0.021206547239161433
21494	0.6956535373590393	0.3003431625327273	0.004003300108233395
21495	0.18046463130784496	0.4394717370306777	0.38006363166147733
21496	0.16455397108598732	0.7213492471495007	0.11409678176451199
21497	0.058041032899613626	0.9259953305253387	0.015963636575047582
21498	0.41701431005789974	0.46302841298263886	0.11995727695946146
21499	0.15103981952730675	0.8205596019808045	0.02840057849188885
21500	0.4249554700575622	0.47231748976134763	0.10272704018109016
21501	0.08853460464485852	0.6950107320332068	0.2164546633219347
21502	0.14275649312208466	0.762274249677718	0.09496925720019743
21503	0.34917657336833746	0.5276438984919556	0.12317952813970698
21504	0.04849007107312105	0.9224405643342711	0.029069364592607762
21505	0.09792777044432825	0.8376814006044642	0.06439082895120746
21506	0.2542407429564411	0.5485038701842875	0.1972553868592714
21507	0.20981982466519017	0.6074544881781476	0.18272568715666213
21508	0.29917081965121106	0.6907991731170361	0.01003000723175284
21509	0.3223870642716098	0.529728824951221	0.14788411077716926
21510	0.1481373060816217	0.19576496314772757	0.6560977307706507
21511	0.01989256108251304	0.4262919940558593	0.5538154448616276
21512	0.08163694812963568	0.3928085075817508	0.5255545442886135
21513	0.016895029558680098	0.22162152122206008	0.7614834492192598
21514	0.1372766673094469	0.5331536798523541	0.329569652838199
21515	0.05971573178392739	0.8010163454287694	0.13926792278730318
21516	0.28303340167065366	0.588858224318448	0.12810837401089828
21517	0.28289925103339364	0.6833504246740318	0.033750324292574484
21518	0.03374866257554094	0.3306272118250147	0.6356241255994444
21519	0.5009499408107223	0.4415990536663412	0.057451005522936444
21520	0.3991894992273888	0.5386731108580497	0.06213738991456149
21521	0.004399502649631374	0.1124718912336903	0.8831286061166783
21522	0.048739615885066846	0.4342521597924166	0.5170082243225165
21523	0.6716985680276412	0.2815839108439727	0.046717521128386015
21524	0.11625901053654829	0.7026471502165776	0.18109383924687406
21525	0.28277501552795514	0.48365106122541657	0.23357392324662837
21526	0.08187954625079882	0.903721641026076	0.014398812723125178
21527	0.007170103392620214	0.9843833231708374	0.008446573436542279
21528	0.19848236431597574	0.16790076877959056	0.6336168669044336
21529	0.020341542501540973	0.949353148953805	0.03030530854465412
21530	0.26901576752621625	0.26360405378173707	0.46738017869204673
21531	0.08894973717937782	0.883395652490178	0.027654610330444192
21532	0.16771041813863738	0.43053134780717783	0.40175823405418476
21533	0.5117413770036335	0.4458383621544395	0.04242026084192697
21534	0.24145785442269713	0.6516028600806283	0.10693928549667454
21535	0.283700538160009	0.3719212891714534	0.3443781726685376
21536	0.4643863978295405	0.4910891081397143	0.04452449403074534
21537	0.06797771061608088	0.9008307880131426	0.031191501370776416
21538	0.11915644246715039	0.8567493445834602	0.024094212949389456
21539	0.5143234811928158	0.20661023866551542	0.2790662801416688
21540	0.0080304840883695	0.7232085768288755	0.268760939082755
21541	0.29129277431156425	0.48623046155069793	0.2224767641377379
21542	0.019519721581022144	0.1936910200912309	0.786789258327747
21543	0.12905015584879154	0.6488060793968942	0.22214376475431427
21544	0.39774574608724006	0.5571488922891741	0.04510536162358588
21545	0.492929728888233	0.22203052062726103	0.285039750484506
21546	0.3846408326529736	0.2831602973666566	0.3321988699803698
21547	0.3018422627824833	0.13514588287848686	0.5630118543390299
21548	0.09858657335274387	0.6499480895688506	0.25146533707840546
21549	0.8359052989309923	0.14161735137542078	0.022477349693586876
21550	0.05144416530338662	0.8124239359747135	0.1361318987218999
21551	0.3086427147880735	0.5989593726440938	0.0923979125678327
21552	0.5860525616927488	0.3846861542969542	0.029261284010297116
21553	0.5100548121955332	0.3086384683078443	0.18130671949662244
21554	0.011312841090862572	0.0194105294379473	0.9692766294711901
21555	0.0193499603502513	0.11885779667265906	0.8617922429770896
21556	0.16627269668409425	0.5174746100048885	0.31625269331101735
21557	0.015781182137993906	0.2907973743928078	0.6934214434691984
21558	0.11368507425200451	0.6202361950761398	0.26607873067185567
21559	0.019866337527821704	0.07666586274617376	0.9034677997260044
21560	0.04156458111723287	0.9462840193462804	0.012151399536486737
21561	0.1696589844813892	0.7821976729110586	0.04814334260755224
21562	0.028120441372582086	0.9188660170667144	0.053013541560703516
21563	0.3318303006414751	0.5565960461615472	0.11157365319697765
21564	0.4800726978031167	0.39639223448976435	0.12353506770711892
21565	0.1849279166534418	0.7590345792290756	0.05603750411748262
21566	0.22497294388772013	0.6937912910175036	0.08123576509477624
21567	0.5106135780256549	0.44490885509752276	0.0444775668768223
21568	0.5724927369826298	0.41297678629543794	0.014530476721932284
21569	0.37952646795166634	0.43527315001073036	0.1852003820376034
21570	0.045465129319880525	0.7310359506767071	0.22349892000341243
21571	0.13834014851923626	0.7255801323049722	0.13607971917579162
21572	0.3430860363222069	0.5549776437238695	0.10193631995392355
21573	0.34378865038420336	0.47408917414892354	0.18212217546687307
21574	0.42061043788786734	0.3208015181836756	0.2585880439284569
21575	0.131926172080827	0.5501880165380755	0.3178858113810975
21576	0.054530488307680675	0.9324801616206468	0.012989350071672456
21577	0.37379689354534823	0.5692820801656722	0.05692102628897963
21578	0.013095944856394778	0.28340625000416514	0.7034978051394402
21579	0.016203378703928493	0.8483580725825042	0.13543854871356723
21580	0.08535823873488399	0.7441428017281831	0.17049895953693284
21581	0.2007267592172977	0.6543950524767784	0.14487818830592378
21582	0.30965786837636927	0.6533371057347854	0.037005025888845265
21583	0.3460010020961442	0.41296478069959003	0.24103421720426582
21584	0.5921664225564814	0.18784365102149006	0.21998992642202858
21585	0.16664012093101563	0.28927398568569024	0.544085893383294
21586	0.006909571631925628	0.07638742196984787	0.9167030063982265
21587	0.11626685985125827	0.6695861092449235	0.21414703090381823
21588	0.0021795788562857595	0.9794185367586418	0.018401884385072374
21589	0.3228173493150274	0.4431844838134238	0.23399816687154876
21590	0.16797414208387584	0.45546965959533975	0.3765561983207844
21591	0.021721159107759132	0.9666601324096175	0.011618708482623523
21592	0.7184305979075071	0.24817858625042297	0.03339081584207001
21593	0.14628625233033812	0.6933185628654508	0.16039518480421103
21594	0.32736855784324037	0.4137774647425902	0.2588539774141695
21595	0.20979350150591078	0.5335749130158433	0.256631585478246
21596	0.41147794553947353	0.36872714713847193	0.21979490732205462
21597	0.041345625042482584	0.6494073228535749	0.30924705210394254
21598	0.3357150381671716	0.5823304270961891	0.08195453473663933
21599	0.08787037496639902	0.8889204740534699	0.023209150980131033
21600	0.017275753998457887	0.8056690399650678	0.1770552060364743
21601	0.07250610817560244	0.10267245290186447	0.8248214389225331
21602	0.45386787029376885	0.325633661423443	0.2204984682827882
21603	0.9256746693578751	0.05443763450134774	0.019887696140777063
21604	0.8451372527270874	0.13243939890239914	0.022423348370513484
21605	0.46211265996467515	0.5126680882652748	0.025219251770050112
21606	0.02305591123242362	0.535493197620954	0.4414508911466224
21607	0.07170223593172473	0.5136173277922309	0.41468043627604434
21608	0.19644018042118314	0.26480081648728615	0.5387590030915307
21609	0.6477783273474073	0.2614836269238437	0.09073804572874908
21610	0.47127663928674923	0.4455782535583105	0.08314510715494032
21611	0.3479315253860044	0.29091206171356215	0.36115641290043343
21612	0.08495078686069414	0.22115720561070776	0.6938920075285981
21613	0.13403540128241145	0.7595401593148956	0.1064244394026928
21614	0.20879034265148652	0.7832124941317826	0.007997163216730904
21615	0.10618022464696	0.6481943238631567	0.24562545148988332
21616	0.1230655380350416	0.6120746832054574	0.2648597787595009
21617	0.24494631730795924	0.25957683717495655	0.4954768455170842
21618	0.18216457999592917	0.7011906941426236	0.11664472586144721
21619	0.28159183796652315	0.43484388812921443	0.28356427390426237
21620	0.02912111307674514	0.9325271623395313	0.03835172458372356
21621	0.15045010736852482	0.8022010892447392	0.04734880338673609
21622	0.38129822897395493	0.5161107803528152	0.10259099067322987
21623	0.4071450188892836	0.5606970468171559	0.03215793429356047
21624	0.010642585292383506	0.9681223994784733	0.02123501522914317
21625	0.5343196514894414	0.4447599293549445	0.02092041915561404
21626	0.4274995924386474	0.48320409205733394	0.08929631550401866
21627	0.39408152834540616	0.5351114617893639	0.07080700986522988
21628	0.12094631769203386	0.8519099890244883	0.02714369328347771
21629	0.013577788186241717	0.8557423553328714	0.13067985648088698
21630	0.02810808155621515	0.12252609816399254	0.8493658202797923
21631	0.04469001368989811	0.8805450906379557	0.07476489567214617
21632	0.015111528164297418	0.2159383428488504	0.7689501289868522
21633	0.023135128462000745	0.5047484036800374	0.4721164678579619
21634	0.11700568248180276	0.7558101174139887	0.12718420010420858
21635	0.3038759964936015	0.6513717694057989	0.04475223410059973
21636	0.20631253057460042	0.3598401332542169	0.4338473361711828
21637	0.34806494686711537	0.32938502211714793	0.32255003101573665
21638	0.22267225871567767	0.7677515610834453	0.009576180200877048
21639	0.07073861735534927	0.8478360997957238	0.08142528284892685
21640	0.250117849620868	0.5273431525520333	0.22253899782709866
21641	0.29435453493843533	0.6247359664248154	0.0809094986367493
21642	0.31493678614871073	0.46831917062396883	0.2167440432273204
21643	0.1603059118655684	0.8208888448193926	0.01880524331503909
21644	0.2754372697458241	0.7141150387145385	0.010447691539637403
21645	0.06146042212160828	0.6195407187852161	0.31899885909317566
21646	0.3042978840974614	0.5789232392559592	0.1167788766465794
21647	0.1951692676231959	0.7307717887718748	0.07405894360492936
21648	0.09934291034307637	0.7586178749279683	0.14203921472895534
21649	0.3734700932929355	0.56773877318872	0.05879113351834443
21650	0.01168776198203731	0.32841185257966954	0.6599003854382932
21651	0.08112406719447321	0.6749007150818627	0.24397521772366404
21652	0.15949887267887403	0.8321500612454061	0.008351066075719935
21653	0.01804818930063614	0.8262269759686959	0.1557248347306681
21654	0.04465652224742262	0.8299288498280926	0.12541462792448482
21655	0.028841975218395127	0.93209588729222	0.039062137489384884
21656	0.14914759174633885	0.8025813490138906	0.04827105923977052
21657	0.005731338788696683	0.13161184052446187	0.8626568206868416
21658	0.06322592044119826	0.42986961679397584	0.5069044627648258
21659	0.16380079547891835	0.7782472673328555	0.05795193718822615
21660	0.5367198919425592	0.38287254513552654	0.08040756292191421
21661	0.06147432262231553	0.4107035930992696	0.5278220842784149
21662	0.29108737067652335	0.5757856299223122	0.13312699940116451
21663	0.018090313366758683	0.2970628102860836	0.6848468763471578
21664	0.08300903946133702	0.3233551976665086	0.5936357628721542
21665	0.05992825471915293	0.8696510295305799	0.07042071575026704
21666	0.06221356343885428	0.8987584945817592	0.03902794197938667
21667	0.02119395998697381	0.4817409866476592	0.49706505336536694
21668	0.22488090752895598	0.28374296376182206	0.49137612870922204
21669	0.11518035425821384	0.854854658830321	0.02996498691146514
21670	0.10334488113349465	0.8791891076711537	0.017466011195351752
21671	0.08289046853283048	0.8590534920455065	0.05805603942166307
21672	0.29722341358466714	0.5418660209527336	0.16091056546259916
21673	0.3680314500660249	0.35579948928716065	0.27616906064681446
21674	0.20263028143137476	0.496746318005596	0.3006234005630294
21675	0.06841462235475798	0.8761995001844133	0.055385877460828736
21676	0.0824031896906122	0.8360448685882065	0.08155194172118123
21677	0.14547496035308002	0.8196119037590672	0.034913135887852706
21678	0.15353593750920727	0.18842517909727263	0.65803888339352
21679	0.04186553939087866	0.3208551318679169	0.6372793287412044
21680	0.12366615194776653	0.6836430037764875	0.192690844275746
21681	0.06356460679550822	0.5493633717403998	0.3870720214640919
21682	0.34202719955802213	0.27309423832302376	0.38487856211895416
21683	0.2678067686183237	0.6937196874655926	0.038473543916083666
21684	0.6951952122685958	0.27146808242381765	0.03333670530758651
21685	0.5130459664475933	0.4784647933540292	0.008489240198377582
21686	0.1417490735632544	0.6143863323993362	0.2438645940374094
21687	0.2058601629062004	0.42887057340257306	0.36526926369122653
21688	0.09661493739496263	0.2543601684325638	0.6490248941724734
21689	0.44003912789142935	0.4037528425866724	0.15620802952189822
21690	0.4814294897525193	0.3911438970078645	0.1274266132396161
21691	0.3393500583338361	0.5333451427997067	0.1273047988664572
21692	0.2050748888704544	0.7467066162537878	0.04821849487575791
21693	0.15911208762360646	0.3310095084061019	0.5098784039702917
21694	0.45643453287696933	0.48110104454151936	0.06246442258151137
21695	0.21536914968358079	0.6761480578058507	0.10848279251056836
21696	0.1729921045149945	0.7615762805104388	0.06543161497456679
21697	0.48384248851127776	0.3747006254440739	0.1414568860446484
21698	0.06616727494848924	0.7371548452523311	0.1966778797991797
21699	0.10615121047953131	0.5684248373367417	0.3254239521837271
21700	0.1735965708938407	0.6351907683788177	0.19121266072734158
21701	0.7448869081518883	0.24909822504057888	0.0060148668075327575
21702	0.030996084098242442	0.5483157222733868	0.4206881936283707
21703	0.03491488867200634	0.9273668053829518	0.037718305945041934
21704	0.10189084274041509	0.7106562966294294	0.18745286063015562
21705	0.1480249955515914	0.4352606655482719	0.4167143389001367
21706	0.278218402885788	0.6599182682271845	0.06186332888702746
21707	0.4066972963781913	0.5144390715708443	0.07886363205096432
21708	0.07197349445507682	0.41385725197605433	0.5141692535688689
21709	0.0780892291544462	0.45760558186445865	0.4643051889810952
21710	0.1816544430046792	0.2074694129623063	0.6108761440330145
21711	0.5501868659138687	0.36134056524771463	0.0884725688384167
21712	0.10888123881802682	0.7757397589528089	0.11537900222916425
21713	0.7677626807252559	0.13785259944293213	0.09438471983181196
21714	0.13842447213620135	0.7631136502288838	0.09846187763491496
21715	0.3465122576195807	0.5904737572839962	0.063013985096423
21716	0.23032110295911576	0.6519366621403787	0.11774223490050559
21717	0.41781733682063044	0.46669076406061905	0.11549189911875052
21718	0.16976308859464073	0.649878121848115	0.1803587895572443
21719	0.01606317583372297	0.0074173898989494036	0.9765194342673277
21720	0.08949065174776301	0.6771733618909976	0.23333598636123923
21721	0.20322658081330122	0.6242994264057387	0.1724739927809602
21722	0.011619284738944507	0.9244819833850225	0.06389873187603289
21723	0.06425762864975104	0.8512967534516139	0.08444561789863503
21724	0.3868477580481497	0.571729116788083	0.04142312516376723
21725	0.3823837572698765	0.10887253532275389	0.5087437074073696
21726	0.8325864901774077	0.12010712448384958	0.04730638533874274
21727	0.4963399331623645	0.2784433065422984	0.2252167602953372
21728	0.10415919692258616	0.8679271240382906	0.027913679039123153
21729	0.08995970539121848	0.5250853222922592	0.3849549723165223
21730	0.06918176011174063	0.3513329252180251	0.5794853146702341
21731	0.17366722625781475	0.7114347020160539	0.1148980717261315
21732	0.01320090419334453	0.9653919363132506	0.021407159493404836
21733	0.11696129505047294	0.761787368764469	0.12125133618505807
21734	0.06567431281977676	0.9103112194901243	0.024014467690098934
21735	0.7311792242350946	0.24950019293954773	0.019320582825357587
21736	0.1118056529792067	0.08053092956236409	0.8076634174584292
21737	0.051634269747055775	0.23927330597930266	0.7090924242736416
21738	0.06812454685927608	0.9113979978527099	0.02047745528801414
21739	0.4001550682775488	0.46274822691922246	0.13709670480322858
21740	0.20592420832342484	0.36796234368275677	0.4261134479938185
21741	0.41367120774657484	0.4216053994665187	0.1647233927869065
21742	0.09590387674579087	0.6677962894320592	0.23629983382215003
21743	0.011326082224392953	0.9388804092329308	0.049793508542676175
21744	0.35000489144547436	0.3206235380100432	0.3293715705444825
21745	0.08129387362874889	0.8590751906518326	0.0596309357194187
21746	0.09979740266280712	0.8450108505132736	0.05519174682391923
21747	0.11367800543221025	0.531217341833799	0.35510465273399083
21748	0.21796622387580006	0.3048420268460766	0.47719174927812347
21749	0.43457596261368353	0.49027672181050763	0.07514731557580881
21750	0.4714617578615117	0.4526895596127374	0.07584868252575101
21751	0.3818769065258676	0.594484870627804	0.023638222846328466
21752	0.050550812042310066	0.9278927673702879	0.021556420587402016
21753	0.5994859868250834	0.33698387592880846	0.0635301372461081
21754	0.0806630397702973	0.8606243877240142	0.05871257250568865
21755	0.041004963002599065	0.875611789475161	0.0833832475222399
21756	0.5339308824380825	0.4179321730275079	0.04813694453440956
21757	0.8870381182465894	0.06183788938860069	0.051123992364809814
21758	0.08457384926346409	0.8102029651058418	0.10522318563069419
21759	0.10882989728123002	0.2919888193983981	0.5991812833203718
21760	0.0026088646104572132	0.9963214864569315	0.0010696489326111301
21761	0.014599155788143024	0.9807740924785238	0.00462675173333326
21762	0.31112464874074247	0.5072590126693235	0.18161633858993412
21763	0.039893382759163716	0.3143868891914792	0.6457197280493571
21764	0.17592909754882077	0.7024602391096819	0.1216106633414974
21765	0.3852390675007507	0.589921648634711	0.024839283864538198
21766	0.7838557347814995	0.20061702724082256	0.015527237977677893
21767	0.2099690208291409	0.734082887568152	0.05594809160270711
21768	0.07768921030692247	0.7104681396039053	0.21184265008917214
21769	0.1774576568370515	0.7043715480990674	0.11817079506388099
21770	0.09813890127774862	0.6272982949851335	0.27456280373711794
21771	0.17651263978183276	0.80917180604557	0.014315554172597302
21772	0.10549004564774803	0.3351122654666656	0.5593976888855864
21773	0.007712271976885819	0.8801803604736345	0.11210736754947967
21774	0.1352067653738603	0.8551233272638594	0.009669907362280359
21775	0.6215049656323144	0.3500793910579942	0.02841564330969157
21776	0.14855209622575596	0.45602713362254627	0.39542077015169774
21777	0.17479790911596566	0.748509031853159	0.07669305903087528
21778	0.626018214381671	0.35678522280716324	0.017196562811165775
21779	0.8916711027766825	0.08939595515873548	0.01893294206458201
21780	0.38552852413330385	0.4642557860536717	0.15021568981302447
21781	0.012840372236076852	0.6639319303160236	0.32322769744789964
21782	0.03111840063369561	0.5468022144518293	0.4220793849144751
21783	0.02513709171284774	0.7650525512953452	0.20981035699180714
21784	0.08172744316639759	0.7249232988327948	0.19334925800080757
21785	0.21117327617804374	0.4317595273897251	0.3570671964322313
21786	0.1483741270829457	0.37932868730901015	0.47229718560804407
21787	0.34260362708616243	0.5459278718497604	0.11146850106407714
21788	0.08977828381823885	0.3490218867994981	0.5611998293822631
21789	0.2606642029585411	0.6926167226758829	0.04671907436557607
21790	0.0656132116517548	0.5409821972003558	0.39340459114788945
21791	0.02843678653794854	0.9588967018364825	0.012666511625569135
21792	0.14878365724413165	0.835379401103932	0.015836941651936387
21793	0.06501278347577487	0.9181980789384177	0.016789137585807475
21794	0.22476259359561476	0.7098333239225911	0.06540408248179415
21795	0.6730037118902031	0.2674111819549858	0.05958510615481112
21796	0.48528707381962377	0.2306613234464312	0.2840516027339449
21797	0.7120464589980767	0.2562545193606629	0.031699021641260365
21798	0.8476380798469971	0.13415310171902914	0.018208818433973737
21799	0.0069329139054420995	0.43628957322277523	0.5567775128717827
21800	0.018043824974888455	0.6305537019472893	0.3514024730778222
21801	0.8534057535931027	0.1260415128506146	0.020552733556282777
21802	0.07441020552450232	0.913052546185325	0.012537248290172491
21803	0.165284732697915	0.8202760967734384	0.014439170528646692
21804	0.24298972264757726	0.5702692254396508	0.186741051912772
21805	0.03413611873813501	0.8657177037158476	0.10014617754601747
21806	0.040856196713793716	0.9533338347867903	0.005809968499415803
21807	0.19103908263207525	0.6049158883390598	0.20404502902886487
21808	0.33915041958233566	0.5437205973841548	0.11712898303350952
21809	0.24268692527734914	0.542752785515764	0.2145602892068868
21810	0.4135334074854314	0.4682490885590495	0.11821750395551923
21811	0.10645639115162472	0.7113630188009483	0.182180590047427
21812	0.3548034324612732	0.5906137796350427	0.054582787903684135
21813	0.04280391119224992	0.78485405263538	0.17234203617237012
21814	0.26259263329201327	0.6827304581180951	0.054676908589891625
21815	0.01278969385745704	0.14755004265905927	0.8396602634834837
21816	0.05546054044879664	0.8526900747062912	0.09184938484491204
21817	0.08909236312232116	0.8864781979848371	0.024429438892841836
21818	0.19366737850286622	0.6510319913629522	0.15530063013418158
21819	0.11400808571881171	0.7973498007982057	0.08864211348298259
21820	0.04558483794078551	0.9337233951500484	0.020691766909166142
21821	0.32108393139060726	0.5857442154797619	0.09317185312963094
21822	0.5311108620468667	0.45228261968707245	0.016606518266060803
21823	0.06152385629451161	0.5566469641816022	0.3818291795238863
21824	0.06047484777421266	0.7941055210567206	0.14541963116906664
21825	0.24767820403468446	0.6917218877237148	0.06059990824160082
21826	0.11751444492915258	0.7996385026467157	0.08284705242413179
21827	0.3647053941969373	0.43655394590046015	0.19874065990260256
21828	0.04447346913839999	0.9474975339712166	0.008028996890383269
21829	0.06765751586155534	0.7231880625068459	0.2091544216315987
21830	0.07104347891961785	0.8660257442641233	0.0629307768162589
21831	0.7551328725526677	0.19585760716953074	0.04900952027780157
21832	0.16458833107110546	0.8153340729936126	0.02007759593528201
21833	0.5901496028147072	0.3636526628751844	0.04619773431010851
21834	0.2348246582967372	0.6085750115814025	0.1566003301218604
21835	0.38448756020547425	0.5533337458482984	0.06217869394622732
21836	0.18353012186079048	0.7940163072775392	0.022453570861670193
21837	0.0580383452985194	0.7150951449175341	0.22686650978394657
21838	0.18179756802865046	0.7806499697870092	0.03755246218434031
21839	0.4725273103154414	0.20804326301808257	0.3194294266664761
21840	0.044288450835206314	0.8988077489937228	0.05690380017107082
21841	0.14481169392161358	0.7132203045768557	0.1419680015015308
21842	0.20904416939620735	0.7080392328277583	0.08291659777603447
21843	0.3993408731696392	0.5491022937073894	0.05155683312297153
21844	0.08304755665200922	0.8658228529649248	0.05112959038306596
21845	0.4960529726911965	0.430327156213009	0.07361987109579463
21846	0.5070438984004828	0.3490229006114257	0.1439332009880914
21847	0.445980971702716	0.40391347927332283	0.15010554902396125
21848	0.1639825175061121	0.7595688740386028	0.07644860845528503
21849	0.05209226827099943	0.2676219625933124	0.6802857691356882
21850	0.6817055432278447	0.30094607261420253	0.01734838415795282
21851	0.05912458990681417	0.9393889324734842	0.001486477619701746
21852	0.03132686314089728	0.8861375762754945	0.08253556058360817
21853	0.7731938166659571	0.16675644368032552	0.060049739653717404
21854	0.09245822974756208	0.13422050943450956	0.7733212608179284
21855	0.1959883586044785	0.6838098985917115	0.12020174280381006
21856	0.30215451382987407	0.506718562088135	0.1911269240819909
21857	0.0005389757592173476	0.013647706755029755	0.9858133174857527
21858	0.007681564706845362	0.9768144801397268	0.015503955153427939
21859	0.024492547005738805	0.9605758132891389	0.014931639705122235
21860	0.18409198309361377	0.27630771765471773	0.5396002992516685
21861	0.4094587722442392	0.4957448963867389	0.09479633136902196
21862	0.06904232465271899	0.23165838017046717	0.6992992951768139
21863	0.369740019892694	0.43236301882157196	0.19789696128573406
21864	0.021850444516747856	0.4851267852477409	0.49302277023551133
21865	0.040882567922292196	0.10091907087846054	0.8581983611992472
21866	0.25006664378135207	0.7197384317314881	0.030194924487159856
21867	0.08966700548649073	0.4088256560425712	0.5015073384709381
21868	0.7563948052814768	0.189023984144169	0.05458121057435416
21869	0.6266703335049449	0.22967088507276143	0.1436587814222937
21870	0.03583055928789785	0.9420520786489139	0.02211736206318813
21871	0.23429884454778946	0.19871194919513746	0.566989206257073
21872	0.04784613707406396	0.914674597841535	0.03747926508440105
21873	0.31217230872769375	0.5315030064365343	0.156324684835772
21874	0.23959313871643118	0.5390533328439789	0.22135352843958983
21875	0.47395691086018793	0.1875812848865715	0.3384618042532405
21876	0.45741699366571736	0.500511320586644	0.042071685747638574
21877	0.17754732611817475	0.3899638107276371	0.4324888631541881
21878	0.45108785163620635	0.5019862371305206	0.046925911233273054
21879	0.035774239634187445	0.4353365404228898	0.5288892199429227
21880	0.1998710978658671	0.6194833973259641	0.18064550480816877
21881	0.46344176706750706	0.47824116013409335	0.05831707279839964
21882	0.0780068060181206	0.7610193350318647	0.16097385895001468
21883	0.558634204658304	0.3373938818798434	0.10397191346185249
21884	0.25045330626406814	0.5467698247105964	0.20277686902533545
21885	0.23535112344931844	0.6357669308393757	0.1288819457113058
21886	0.005043925613107569	0.6374592429054079	0.3574968314814846
21887	0.04063595468209633	0.9450501031686934	0.014313942149210212
21888	0.4039143468936457	0.594695994965295	0.0013896581410593413
21889	0.02103225000618441	0.9700319468197729	0.008935803174042743
21890	0.00799100019372867	0.9907442422818719	0.001264757524399421
21891	0.010758706549265562	0.8990911725533007	0.0901501208974337
21892	0.8046713398002945	0.13614633852765548	0.05918232167205013
21893	0.0157023559575746	0.9217542457071393	0.06254339833528615
21894	0.06942019479712244	0.7168519055768336	0.21372789962604385
21895	0.42889143910391775	0.44473891176817004	0.12636964912791235
21896	0.0016219416167370436	0.022795271800632608	0.9755827865826304
21897	0.5985007738273832	0.37894023056581344	0.02255899560680332
21898	0.10284815942146325	0.6770964736700238	0.22005536690851293
21899	0.5481695270843341	0.3844013583095311	0.06742911460613486
21900	0.035133511367433215	0.8755089106438377	0.08935757798872897
21901	0.7752426060931065	0.20220372824202495	0.022553665664868668
21902	0.044091273668414824	0.5664431251857808	0.3894656011458045
21903	0.5487542501665746	0.3034401315695725	0.14780561826385283
21904	0.07726360279655826	0.9033131102803099	0.019423286923131746
21905	0.45414134664824957	0.47287462796788177	0.07298402538386868
21906	0.17254824518512524	0.792920934039305	0.03453082077556977
21907	0.015124966537238204	0.9072293946132833	0.07764563884947859
21908	0.37720718086092364	0.4370485393241671	0.18574427981490932
21909	0.1349913383285506	0.511022137950422	0.35398652372102746
21910	0.09178934022018322	0.816316006719086	0.09189465306073083
21911	0.21560107994431257	0.6782633451423673	0.10613557491332007
21912	0.9587205689111412	0.015463396289280376	0.025816034799578187
21913	0.629333927720363	0.30111310494575666	0.06955296733388022
21914	0.07101287448975172	0.9120366269792041	0.01695049853104413
21915	0.43545720397885607	0.4980951099282987	0.06644768609284535
21916	0.0031406299086668495	0.45545922149861684	0.5414001485927165
21917	0.14569220206643288	0.8235698566743123	0.030737941259254917
21918	0.053866834732185113	0.5775214006886411	0.3686117645791739
21919	0.07778918970781834	0.3578746849314007	0.564336125360781
21920	0.3490326977401945	0.6325689544626184	0.01839834779718703
21921	0.5193514314921478	0.452413663004606	0.0282349055032462
21922	0.22210892213645073	0.6680414493055704	0.10984962855797879
21923	0.15472547540648907	0.24588463939248514	0.5993898852010259
21924	0.198523896916318	0.06539562926661932	0.7360804738170627
21925	0.17629799378266428	0.6135255165941851	0.2101764896231506
21926	0.08071391489875697	0.8285698890968182	0.09071619600442492
21927	0.08594358847247385	0.8843817529453373	0.02967465858218892
21928	0.9451978774161136	0.016964589232581893	0.03783753335130446
21929	0.6051753295742759	0.2644702007222605	0.13035446970346365
21930	0.18517380511803522	0.664496215811984	0.15032997906998072
21931	0.8594525433144189	0.10194956565847658	0.03859789102710452
21932	0.21064288015876942	0.6267474537350366	0.16260966610619404
21933	0.38407517820723325	0.462195894231748	0.1537289275610188
21934	0.05213967673441928	0.32574400068366355	0.6221163225819172
21935	0.03911316538324193	0.5083916821038865	0.4524951525128715
21936	0.21441838313503206	0.7141955484233621	0.07138606844160583
21937	0.19863852193105824	0.7583995262287693	0.04296195184017238
21938	0.8178741861773684	0.1443331473712982	0.037792666451333355
21939	0.08471888748264494	0.7997551938462502	0.11552591867110504
21940	0.3450981350763585	0.5424461896593211	0.11245567526432046
21941	0.1096935061469958	0.849052237813081	0.04125425603992307
21942	0.6422780979923258	0.23471843497027722	0.12300346703739688
21943	0.2944721607871307	0.1949838634335434	0.5105439757793259
21944	0.018709712215933177	0.3955121265818603	0.5857781612022065
21945	0.00675265024098924	0.7218785439226959	0.27136880583631473
21946	0.024764266093693626	0.922645377957365	0.052590355948941445
21947	0.02487685400933969	0.11090797665538193	0.8642151693352783
21948	0.23978343717514838	0.3165112961285733	0.44370526669627824
21949	0.14449615510658587	0.757606664271471	0.09789718062194301
21950	0.08030647590190577	0.7992876664372912	0.12040585766080317
21951	0.04317628219848736	0.894056916650182	0.06276680115133058
21952	0.49951699587993553	0.37875700551470454	0.12172599860535986
21953	0.5628107340184048	0.3233739598154569	0.11381530616613829
21954	0.07252071029150317	0.7928073360677322	0.13467195364076445
21955	0.08806435306659817	0.8703927872845347	0.04154285964886706
21956	0.15219598364494463	0.816164859493359	0.031639156861696376
21957	0.028184349713367685	0.6421784110166756	0.3296372392699567
21958	0.024302620645398072	0.9557022748619365	0.0199951044926655
21959	0.20399808027726773	0.7297692076029673	0.06623271211976502
21960	0.41770858431328	0.34859498221994645	0.23369643346677366
21961	0.3757404311191209	0.3110704685164976	0.31318910036438147
21962	0.2938980377677277	0.5733544336687324	0.13274752856353977
21963	0.018439453114036334	0.9469736609909386	0.03458688589502508
21964	0.14764643229602417	0.6753119451507789	0.17704162255319691
21965	0.34604669531716337	0.5824212392038237	0.07153206547901289
21966	0.442356029776535	0.45811474018175563	0.09952923004170945
21967	0.6183107630971375	0.3334230150885329	0.048266221814329595
21968	0.6825552576047518	0.26600537881856295	0.051439363576685236
21969	0.018383689824744864	0.13129391804747964	0.8503223921277754
21970	0.12958443831659022	0.7679054107830202	0.1025101509003895
21971	0.07094285408457562	0.8746431795936701	0.05441396632175442
21972	0.038761052436028835	0.8882175100650122	0.07302143749895892
21973	0.6201372025823443	0.2353906935327169	0.1444721038849387
21974	0.5795556382726539	0.3918536022736498	0.028590759453696362
21975	0.6437980735752079	0.32984556515384345	0.026356361270948658
21976	0.41613729652614434	0.5286503649059758	0.05521233856787975
21977	0.4396522735395173	0.4612846183245731	0.0990631081359095
21978	0.17902314086564758	0.6056007664817377	0.2153760926526148
21979	0.05256029516849882	0.9431390828937776	0.004300621937723649
21980	0.019375681354010046	0.216645397497696	0.7639789211482939
21981	0.4688734012751467	0.46122455088576836	0.0699020478390848
21982	0.07968151355023434	0.3255865157842172	0.5947319706655485
21983	0.002422819059197045	0.9544579675290723	0.04311921341173059
21984	0.06010958226209257	0.8379505574709639	0.1019398602669435
21985	0.6661705852014261	0.18441953619714277	0.14940987860143098
21986	0.1365710641954008	0.7020499735140591	0.16137896229054022
21987	0.14336910641337156	0.7429195535898608	0.11371133999676762
21988	0.07345158228501285	0.3650820864011496	0.5614663313138375
21989	0.1159572719403034	0.5402401763528535	0.34380255170684304
21990	0.19493259055644233	0.6469737999885784	0.15809360945497938
21991	0.00419522815314263	0.037696174201633174	0.9581085976452242
21992	0.0876785839661863	0.8977192741014349	0.014602141932378809
21993	0.07639510691379334	0.720228591637785	0.2033763014484217
21994	0.03501157108702281	0.7204506993575172	0.24453772955546
21995	0.07654438040885334	0.8625491949447651	0.06090642464638151
21996	0.19336764697579403	0.6089358178672953	0.1976965351569107
21997	0.29553106580080146	0.42984088458152353	0.27462804961767506
21998	0.5897161444437176	0.1334188169660534	0.27686503859022893
21999	0.006364855606213485	0.9845980018522539	0.009037142541532747
22000	0.3624315368564987	0.5191381606702671	0.11843030247323423
22001	0.3045035657163519	0.5755950995328177	0.11990133475083035
22002	0.07664826966590552	0.82499367382883	0.0983580565052644
22003	0.09130957588794496	0.2061105141920043	0.7025799099200507
22004	0.3548189940959016	0.5771775352159402	0.06800347068815825
22005	0.06404178806721118	0.22984800674178318	0.7061102051910058
22006	0.20981982466519017	0.6074544881781476	0.18272568715666213
22007	0.35620840990750124	0.5014928209436559	0.14229876914884285
22008	0.07544407635187944	0.3587426312854054	0.5658132923627152
22009	0.8505324791150016	0.11819567142987498	0.03127184945512346
22010	0.06372682041038853	0.5867223303715962	0.34955084921801527
22011	0.4005829987330254	0.5497046327572525	0.04971236850972217
22012	0.8858912925436526	0.09252080413402401	0.021587903322323285
22013	0.05431172679051725	0.9328877338108694	0.012800539398613243
22014	0.03201653322619795	0.9152554331658892	0.0527280336079128
22015	0.2749886614178821	0.6596196203401414	0.06539171824197644
22016	0.07349745646286744	0.8267203397753237	0.09978220376180884
22017	0.010944155458427177	0.892941420904503	0.09611442363706985
22018	0.22460846551545166	0.5064570248863783	0.26893450959816995
22019	0.4558750333356156	0.5208141755493679	0.023310791115016424
22020	0.5733401023775774	0.3961913067531361	0.03046859086928657
22021	0.12038434085914461	0.8287432216009363	0.05087243753991907
22022	0.07859315945615755	0.8947737778358785	0.026633062707964002
22023	0.17939637107528447	0.8163460533504975	0.004257575574217995
22024	0.7198815138742114	0.2512020454152916	0.028916440710496986
22025	0.481789925382812	0.39720447404022047	0.12100560057696748
22026	0.02143544350417328	0.3916074105473513	0.5869571459484755
22027	0.12710345037058626	0.687509140202732	0.18538740942668175
22028	0.7286766649692153	0.24129896826696093	0.03002436676382372
22029	0.155981057207211	0.1003574729812298	0.7436614698115591
22030	0.03695143960810221	0.05059953990920644	0.9124490204826913
22031	0.034249310973108446	0.2625715352998372	0.7031791537270542
22032	0.43082324694552493	0.1989493621053575	0.37022739094911755
22033	0.7869854462166392	0.18413257735991834	0.028881976423442396
22034	0.31377037153573445	0.6073132415812277	0.07891638688303788
22035	0.18972679458150465	0.7640061739725533	0.04626703144594199
22036	0.10749473682511201	0.18185200205301993	0.7106532611218681
22037	0.6555754876886798	0.16678351674831682	0.17764099556300325
22038	0.044595839927867524	0.9313072563397904	0.024096903732342058
22039	0.045165402311973434	0.9255125773761895	0.02932202031183698
22040	0.035383779254421044	0.9476532911759638	0.016962929569615218
22041	0.0038344092447354975	0.9803917453573159	0.015773845397948544
22042	0.02709456551480351	0.46159718247809617	0.5113082520071003
22043	0.0665035500292933	0.6291587402778074	0.30433770969289925
22044	0.6068445617062622	0.2500488641039528	0.1431065741897851
22045	0.007002182386554736	0.8912704178614526	0.10172739975199271
22046	0.004101753181817371	0.8694205388685803	0.12647770794960228
22047	0.43189079296401695	0.36379390791144	0.20431529912454305
22048	0.001728839906805019	0.9671832983809345	0.031087861712260387
22049	0.03879553417432919	0.952030321590322	0.009174144235348717
22050	0.143551929225053	0.6329267124591759	0.22352135831577113
22051	0.4196600330090206	0.48366254750091475	0.09667741949006452
22052	0.05537058120002212	0.8874962702897123	0.0571331485102656
22053	0.36415481012357265	0.5665035291826975	0.06934166069372981
22054	0.0034359807330527153	0.2733882714446432	0.723175747822304
22055	0.01222390373203917	0.7845651494992729	0.20321094676868795
22056	0.359933333373276	0.41863790449571514	0.22142876213100887
22057	0.0009723858018678989	0.043682457535413034	0.9553451566627189
22058	0.22824473378614893	0.7460494146175563	0.025705851596294724
22059	0.052632787417124675	0.03070123609326352	0.9166659764896117
22060	0.10050415669965945	0.3351201269652268	0.5643757163351139
22061	0.18847469304377654	0.16309482512888668	0.6484304818273369
22062	0.419295468723302	0.3515245631589159	0.22917996811778205
22063	0.11161446448063717	0.11600215450131475	0.772383381018048
22064	0.07901113256817135	0.766813485226383	0.1541753822054456
22065	0.061874156226896744	0.3077901649003813	0.6303356788727219
22066	0.8444951371168217	0.05254176659653778	0.10296309628664048
22067	0.7067347048736341	0.26827723366128076	0.02498806146508522
22068	0.21320207501717686	0.6993351794146557	0.0874627455681675
22069	0.3333645315592962	0.5255886269436764	0.14104684149702748
22070	0.015792962021484065	0.5909559449712163	0.3932510930072996
22071	0.3541822536242041	0.5451330522564528	0.10068469411934318
22072	0.6303925357504625	0.2745789395025366	0.09502852474700081
22073	0.06968091438706009	0.35342510501141733	0.5768939806015226
22074	0.31199529426842987	0.5515070506299654	0.13649765510160466
22075	0.03148097393491235	0.29020868385688486	0.6783103422082029
22076	0.20504037390834176	0.5596343163292047	0.23532530976245358
22077	0.8322776680317869	0.1356108839569638	0.032111448011249266
22078	0.004401497821286301	0.022479943940869034	0.9731185582378447
22079	0.024771144165563974	0.22676457485472135	0.7484642809797146
22080	0.0928418253154011	0.6855872717481485	0.22157090293645051
22081	0.6224219199872509	0.31573679187074877	0.061841288142000225
22082	0.05351181840450034	0.3561299710814239	0.5903582105140759
22083	0.13812473889238375	0.7415154733221369	0.12035978778547943
22084	0.16476945997547035	0.8136833852511899	0.021547154773339763
22085	0.148247025675139	0.839158841092309	0.012594133232552108
22086	0.3677845454927008	0.5752956076564155	0.056919846850883714
22087	0.30198787632891466	0.396221624805747	0.3017904988653384
22088	0.09173257418623479	0.13242374578714664	0.7758436800266185
22089	0.4318755178215693	0.4380419644480223	0.1300825177304085
22090	0.5941569813939814	0.3269775254072937	0.07886549319872477
22091	0.07436569637559393	0.8256797256740159	0.09995457795039016
22092	0.6972262734992573	0.2791235185721059	0.023650207928636962
22093	0.19525464384115715	0.5318422642164129	0.27290309194242995
22094	0.27996559878022664	0.585468123453693	0.13456627776608024
22095	0.09201541753872114	0.4110425788255581	0.4969420036357207
22096	0.40692455554440643	0.49516838476195596	0.09790705969363764
22097	0.4585153190215452	0.4198613915742769	0.12162328940417802
22098	0.27556279419223356	0.4983816132052754	0.22605559260249092
22099	0.005598457818511431	0.98814071452462	0.006260827656868564
22100	0.07214111304337302	0.7536102657612564	0.17424862119537055
22101	0.38726657736866604	0.19667670267687667	0.41605671995445737
22102	0.6691086762887317	0.27411291328497184	0.05677841042629646
22103	0.4364018633667592	0.43145250164028676	0.1321456349929541
22104	0.5901998236203339	0.33843464059125	0.07136553578841619
22105	0.022215847031637773	0.9766647088737133	0.001119444094648963
22106	0.7828782649228123	0.20235467963295398	0.014767055444233713
22107	0.32525982325854313	0.5862913958837527	0.08844878085770415
22108	0.37701502648700563	0.44869155669792465	0.17429341681506957
22109	0.44914081824692126	0.259333659918082	0.2915255218349968
22110	0.1535184961537878	0.7805061378405309	0.0659753660056813
22111	0.21729758491443274	0.7533071362599667	0.02939527882560057
22112	0.07642365453419818	0.689618829069609	0.2339575163961928
22113	0.5525922079449027	0.2691027409073249	0.17830505114777234
22114	0.03224389580121437	0.9062491229650378	0.0615069812337479
22115	0.28442371266997063	0.4429468569948736	0.2726294303351558
22116	0.03108810135134131	0.9346006057497859	0.03431129289887282
22117	0.10040461394396538	0.8936927564806042	0.005902629575430558
22118	0.3210045529958735	0.6388075020279075	0.04018794497621902
22119	0.29952771838191683	0.5892477379025	0.11122454371558319
22120	0.33813306209140787	0.5983632361449002	0.0635037017636919
22121	0.44784479514498937	0.4837681081801574	0.0683870966748532
22122	0.4553747278294294	0.4729535895406574	0.07167168262991334
22123	0.21709420071381108	0.548082767202063	0.23482303208412594
22124	0.17163500158943273	0.5380498803041727	0.2903151181063946
22125	0.09419723321234688	0.5442460199551375	0.3615567468325156
22126	0.4104409169560947	0.5133947848357948	0.0761642982081105
22127	0.035812076954825	0.960792963646081	0.003394959399094051
22128	0.007444277388274298	0.7675607012407555	0.22499502137097027
22129	0.01833797361476784	0.9579923404472905	0.02366968593794162
22130	0.051838055704068006	0.7679993659052862	0.18016257839064576
22131	0.1421327728537952	0.5959184470475173	0.2619487800986876
22132	0.05424472545368661	0.2355973082419335	0.7101579663043798
22133	0.5638232524436997	0.333309469390627	0.10286727816567327
22134	0.05486087974585405	0.5316241231569654	0.41351499709718054
22135	0.27826272561638377	0.5257882658886979	0.1959490084949183
22136	0.03285521934337485	0.9545321364747265	0.012612644181898634
22137	0.14591746881315282	0.5760206604594581	0.2780618707273891
22138	0.25449953857131563	0.4990594005870375	0.24644106084164683
22139	0.024655838653977913	0.27959273334116197	0.69575142800486
22140	0.15520103597007218	0.6133666896484332	0.23143227438149466
22141	0.04839256651813129	0.9445978400556874	0.00700959342618133
22142	0.35322719188772045	0.6140645586947694	0.032708249417510174
22143	0.15804547091638846	0.3419603944976179	0.49999413458599373
22144	0.15804547091638846	0.3419603944976179	0.49999413458599373
22145	0.19992812728688095	0.7106452555799834	0.08942661713313563
22146	0.6501713366221651	0.31103218096077057	0.038796482417064355
22147	0.10356310361614673	0.8434197334195992	0.053017162964254065
22148	0.24501423948263015	0.3225038394437604	0.4324819210736095
22149	0.16508512255813915	0.6008753973108252	0.2340394801310357
22150	0.29717714843689597	0.6006567251502093	0.10216612641289469
22151	0.3258486803946483	0.6461529165425544	0.027998403062797314
22152	0.11055554531891999	0.6390839628895842	0.2503604917914958
22153	0.2101190781693535	0.6744928065086702	0.11538811532197635
22154	0.009921385839858899	0.8941493893027612	0.09592922485737986
22155	0.6944300473205544	0.2540127578394176	0.05155719484002797
22156	0.10022836493290922	0.6123531738129893	0.28741846125410153
22157	0.043443251003413424	0.941644742579244	0.014912006417342534
22158	0.31747304309940716	0.6128627626223025	0.06966419427829024
22159	0.07479352037469905	0.8397391159255031	0.08546736369979781
22160	0.006035864887461293	0.1851863356181398	0.8087777994943989
22161	0.017930418768318006	0.48280297552159074	0.49926660571009124
22162	0.06316389268222916	0.8617254151886812	0.07511069212908968
22163	0.08185194132021657	0.7861645641833346	0.13198349449644883
22164	0.024692605933996865	0.9716302673190701	0.003677126746933071
22165	0.1548790750395683	0.3269100187931308	0.5182109061673009
22166	0.11329216043740417	0.8550956150534443	0.031612224509151576
22167	0.22187788970170952	0.7280430058916968	0.05007910440659378
22168	0.08073363073701391	0.858938738557441	0.060327630705545136
22169	0.1729367223984447	0.5572699977102094	0.269793279891346
22170	0.6627068534262849	0.3179905740912554	0.019302572482459646
22171	0.1383986367981818	0.4462511189213155	0.41535024428050277
22172	0.6258436102302046	0.3534171812742921	0.020739208495503203
22173	0.01811942741426488	0.9594117684077318	0.022468804178003284
22174	0.2106298447232682	0.7406343055478736	0.04873584972885822
22175	0.27741012209840227	0.6740584525068513	0.04853142539474663
22176	0.03603463135699151	0.7555354973675908	0.20842987127541773
22177	0.02727126173813173	0.04659877731641913	0.9261299609454492
22178	0.013456222340469724	0.9789062910724202	0.007637486587110043
22179	0.12752068913925813	0.8262095818089752	0.04626972905176675
22180	0.017320782600003557	0.9428103825622413	0.03986883483775528
22181	0.4546105338195534	0.4340400824631415	0.11134938371730511
22182	0.39844551956251945	0.5540244230069121	0.04753005743056832
22183	0.18716541247265595	0.7981067868655918	0.014727800661752293
22184	0.14876167758881428	0.8371325086248201	0.014105813786365506
22185	0.23104735005712632	0.7512649126658905	0.01768773727698317
22186	0.15229597999542924	0.44340507548505986	0.4042989445195109
22187	0.4640435016015609	0.47085846879656773	0.06509802960187136
22188	0.31277534528040124	0.5761675009742163	0.11105715374538244
22189	0.039749485548565965	0.05871527852023545	0.9015352359311984
22190	0.26248706080550577	0.717883584940075	0.01962935425441921
22191	0.5816561452626676	0.25252553920699655	0.1658183155303358
22192	0.08453451033653038	0.8519493374689426	0.06351615219452703
22193	0.8175697432024305	0.1647027676307281	0.01772748916684139
22194	0.39820992607406264	0.5622855934526041	0.03950448047333329
22195	0.03876034078575855	0.808043802774924	0.1531958564393175
22196	0.06623993011226205	0.6637427682668146	0.2700173016209234
22197	0.6405183288054276	0.09883633159244973	0.2606453396021226
22198	0.10688798857626547	0.3973344253536269	0.4957775860701077
22199	0.23871879221355166	0.4927746353429081	0.2685065724435401
22200	0.15679426305140648	0.7811512613343576	0.06205447561423596
22201	0.2629635278790327	0.6296991504148313	0.10733732170613598
22202	0.674041674154729	0.29352035631849593	0.03243796952677497
22203	0.021669148061805314	0.276435243725894	0.7018956082123007
22204	0.08705771627626742	0.5252723874610616	0.3876698962626709
22205	0.24296909655800714	0.6385147623829037	0.11851614105908916
22206	0.29934713454755885	0.5129881534470395	0.18766471200540158
22207	0.049269749242214604	0.6682788215644837	0.28245142919330174
22208	0.39975631251189786	0.1197614399262031	0.48048224756189917
22209	0.15676060731953112	0.6113734189346209	0.231865973745848
22210	0.08016136154510534	0.9072710786488991	0.012567559805995467
22211	0.045396611628793285	0.9252540046795933	0.02934938369161335
22212	0.2161681910810966	0.10277103240002061	0.6810607765188827
22213	0.3090911081587942	0.3951741726302509	0.29573471921095495
22214	0.02923301661367225	0.810631383064459	0.16013560032186874
22215	0.017469134418890146	0.91602515191294	0.06650571366816996
22216	0.03318907211756219	0.8364957570675938	0.13031517081484398
22217	0.006442976922496681	0.43877334520284933	0.554783677874654
22218	0.038835545680468694	0.7830433060300904	0.17812114828944084
22219	0.13706912785282968	0.8400413741273397	0.022889498019830628
22220	0.03512712611489179	0.9348021350839409	0.030070738801167254
22221	0.17287396100117963	0.8130284323415932	0.01409760665722721
22222	0.17813810525704155	0.6271586472498043	0.19470324749315424
22223	0.0671757598629037	0.8651714819736952	0.06765275816340105
22224	0.0662996356499616	0.3807084836375007	0.5529918807125377
22225	0.10102636683627862	0.813758703700176	0.08521492946354546
22226	0.17613356133798355	0.7878389990798618	0.0360274395821546
22227	0.082185786803533	0.41135331619269117	0.5064608970037758
22228	0.348260711818961	0.5907293414328851	0.06100994674815373
22229	0.2382939845221039	0.673102861876052	0.0886031536018442
22230	0.6147924181092805	0.2165725955175795	0.16863498637314003
22231	0.05234264483559419	0.8210936331262243	0.1265637220381815
22232	0.09138887192791599	0.6547920357385755	0.2538190923335085
22233	0.10734701840857609	0.8563191427299136	0.036333838861510225
22234	0.22995856214098606	0.7447070777921966	0.025334360066817326
22235	0.5778098244821569	0.37883847665414666	0.04335169886369629
22236	0.7539076150372591	0.16123906942372287	0.08485331553901797
22237	0.2818515907988213	0.11695293988664224	0.6011954693145365
22238	0.0016232658664124908	0.9973558384665262	0.001020895667061388
22239	0.038055240866419454	0.9416027036941949	0.020342055439385758
22240	0.007421639011984542	0.9114275271636422	0.0811508338243733
22241	0.0031257431681488966	0.49994558528837274	0.4969286715434782
22242	0.62605059798668	0.28901191934736414	0.0849374826659559
22243	0.009521500696911562	0.6364762145951737	0.3540022847079148
22244	0.17844960946649438	0.5758813707865662	0.24566901974693947
22245	0.10630609663966305	0.7091091823120736	0.18458472104826318
22246	0.06773927546487209	0.5159956852658412	0.4162650392692867
22247	0.013800185791673436	0.6313253539608379	0.3548744602474886
22248	0.4204834199840104	0.2799234651231431	0.29959311489284657
22249	0.01425351058123899	0.8553280966453486	0.13041839277341238
22250	0.16023874001860933	0.34057735865139954	0.49918390132999113
22251	0.1236857492251307	0.7788551993375811	0.09745905143728811
