21257	0.3427915080581494	0.5530395981275177	0.1041688938143329
21258	0.004528766265197018	0.42124904376919814	0.5742221899656049
21259	0.27240200344448234	0.6322115756928148	0.09538642086270273
21260	0.30000120881810477	0.31673306746544644	0.38326572371644885
21261	0.20570074419217235	0.25803672298311586	0.5362625328247118
21262	0.657671216344203	0.16827722838630432	0.17405155526949276
21263	0.20749177713062658	0.24106593108925864	0.5514422917801147
21264	0.8684161700243008	0.12321430856362567	0.008369521412073509
21265	0.8142528043213874	0.17217296187625641	0.013574233802356216
21266	0.006625236302520395	0.10534830735245859	0.8880264563450211
21267	0.002183634311344962	0.006855268104775206	0.9909610975838797
21268	0.9984088618077774	0.0015168146178048518	7.432357441778959e-05
21269	0.9998210586221541	0.00017294946424542621	5.991913600424516e-06
21270	0.00023116615743757634	0.23204796332143696	0.7677208705211254
21271	0.0022491072549818067	0.26988836531985033	0.7278625274251678
21272	0.5696468303789437	0.3794242908499909	0.05092887877106533
21273	0.004144021157265551	0.9828144643789606	0.013041514463773943
21274	0.8684414741965736	0.09512170126902933	0.03643682453439689
21275	0.26384149359693376	0.43538156939750616	0.30077693700556013
21276	0.356926800337111	0.33173666638921423	0.31133653327367466
21277	0.039103682919452654	0.4737725933277196	0.4871237237528278
21278	0.6784631440847375	0.22976431089676796	0.09177254501849447
21279	0.7611907233754037	0.12365508236398147	0.11515419426061481
21280	0.11267633187645378	0.509499349583883	0.3778243185396633
21281	0.5625491159381326	0.29154253463668517	0.14590834942518216
21282	0.03291004625140779	0.10229830762997084	0.8647916461186212
21283	0.38612180072728125	0.21783853923508661	0.396039660037632
21284	0.014158003161803974	0.20555944476902718	0.7802825520691687
21285	0.010157080763835362	0.8287524058323831	0.1610905134037816
21286	0.12066053491573248	0.8046976253168544	0.07464183976741315
21287	0.69304886918123	0.27306560993269074	0.033885520886079296
21288	0.1877221922513263	0.35658434684690243	0.4556934609017712
21289	0.6006333766693763	0.31154864768793644	0.08781797564268717
21290	0.5716235299468633	0.33604445674877675	0.09233201330435988
21291	0.41803164031848644	0.4637948861011823	0.11817347358033128
21292	0.10440341703004381	0.23217418871571566	0.6634223942542404
21293	0.47656102506307746	0.21608284058697533	0.30735613434994724
21294	0.14736397470722373	0.38434180697270565	0.4682942183200706
21295	0.10146092370658347	0.5377686748618196	0.360770401431597
21296	0.4490210754325012	0.3866923669831974	0.1642865575843013
21297	0.08394568036457453	0.322931779453706	0.5931225401817196
21298	0.06173414694643917	0.6235331438946966	0.3147327091588642
21299	0.4923725257599594	0.31766316876738104	0.18996430547265958
21300	0.3147463161143488	0.6003143785716898	0.08493930531396147
21301	0.0004071338027118183	0.3561758872934316	0.6434169789038566
21302	0.00029856616208011566	0.2621410297604299	0.73756040407749
21303	0.27807524429447017	0.7021693652934845	0.019755390412045326
21304	0.32836084676807503	0.32701155439898594	0.34462759883293903
21305	0.04252111156598775	0.4452979878764045	0.5121809005576077
21306	0.0024185078581710714	0.3535370498557912	0.6440444422860379
21307	0.6385424606914429	0.22502156237459275	0.1364359769339643
21308	0.9999963237800767	2.381275448321468e-06	1.294944474811836e-06
21309	0.111097949998446	0.708397759866802	0.18050429013475192
21310	0.34742441133005575	0.10001157202698566	0.5525640166429586
21311	0.9054447387241809	0.05539833472213927	0.03915692655368002
21312	0.09524801196724376	0.14935091194058414	0.755401076092172
21313	0.0011550393655716253	0.7860571148234405	0.21278784581098784
21314	0.10905379411894714	0.19575629381602871	0.6951899120650242
21315	0.2394568472341585	0.3613410777029153	0.39920207506292626
21316	0.486793444128344	0.1111720820325854	0.40203447383907054
21317	0.9208330261807619	0.03498712022269578	0.04417985359654222
21318	0.2209834362620359	0.03379083673197147	0.7452257270059927
21319	0.19693961537936852	0.5372380001487227	0.26582238447190876
21320	0.06902452425016961	0.4264154366210547	0.5045600391287757
21321	0.4235162031826243	0.23244254461011327	0.3440412522072625
21322	0.8492445926377047	0.08285225895480684	0.06790314840748843
21323	0.005470896005234358	0.9507585351700166	0.04377056882474901
21324	0.2836364057823933	0.2772423301419259	0.4391212640756809
21325	0.3607589265769384	0.44469941926499423	0.1945416541580674
21326	0.021292047767977742	0.7939949880580714	0.1847129641739509
21327	0.257147329567385	0.5665300823695074	0.17632258806310763
21328	0.2143584327351339	0.34207087682373455	0.4435706904411315
21329	0.0030886793501061207	0.10152209949388853	0.8953892211560054
21330	0.6752889343494604	0.20337051817066024	0.12134054747987943
21331	0.26793317179013065	0.38443240262025485	0.34763442558961455
21332	0.5298126834274087	0.14876495695961148	0.32142235961297977
21333	0.020565726923599193	0.10660953898532874	0.8728247340910721
21334	0.8146274850629845	0.1302950217996435	0.05507749313737196
21335	0.7379819387884479	0.17574710864252632	0.08627095256902596
21336	0.0020351650622133536	0.6942295288284813	0.30373530610930544
21337	0.7522520202986464	0.09931259666203283	0.14843538303932088
21338	0.03821186247944542	0.24834661104089817	0.7134415264796564
21339	0.00038292728145980075	0.12337762686036914	0.8762394458581712
21340	0.003530770674089908	0.20187649271258012	0.79459273661333
21341	0.11312865829010325	0.7638342517702464	0.12303708993965017
21342	0.3105113113173968	0.4055194070334003	0.28396928164920293
21343	0.016133598965352578	0.029651938978954972	0.9542144620556926
21344	0.008372884679334726	0.23250680276311436	0.759120312557551
21345	0.2590495892126444	0.4576755047775808	0.2832749060097748
21346	0.6133343134298407	0.25637891532020046	0.1302867712499589
21347	0.02765760141309861	0.4252448842145042	0.5470975143723972
21348	0.7069747229667256	0.25116042208390144	0.04186485494937297
21349	0.07977837045945786	0.8439349342254865	0.07628669531505564
21350	0.5878418808697659	0.36770994469064805	0.04444817443958605
21351	0.20426217189038462	0.7437979266780897	0.051939901431525576
21352	0.6965796251533295	0.2891530336937087	0.014267341152961879
21353	0.9930100340346498	0.0067665004935483376	0.0002234654718018841
21354	0.0013378575549648475	0.6769483057028541	0.32171383674218107
21355	0.09876128703266406	0.5113712951624342	0.3898674178049017
21356	0.42155664733208636	0.4069284474219099	0.1715149052460036
21357	0.6228306932171156	0.28505251328241116	0.09211679350047332
21358	0.18905183739804912	0.5513634902624619	0.259584672339489
21359	0.29051332467870317	0.45817828115734527	0.2513083941639515
21360	0.0026339389594155272	0.12583196545982114	0.8715340955807632
21361	0.7904796238772809	0.13527600201193893	0.07424437411078023
21362	0.11202459027268184	0.17144690930833262	0.7165285004189854
21363	0.6669714676664588	0.21703440458365905	0.11599412774988221
21364	0.8312636152620656	0.1474086380109648	0.021327746726969587
21365	0.1545255558009169	0.6731114139779412	0.17236303022114186
21366	0.020468069481229523	0.7453204305592195	0.23421149995955104
21367	0.004282524705274522	0.3832063175067263	0.6125111577879991
21368	0.11991384095877276	0.039756582808507385	0.8403295762327199
21369	0.011877827676001242	0.022728469535001624	0.965393702788997
21370	0.5437681201217412	0.36499717033630386	0.09123470954195495
21371	0.47605141039170706	0.3270905633070273	0.19685802630126564
21372	0.0039004194806073166	0.7166835228735557	0.2794160576458369
21373	0.05507465659307503	0.6463603845024393	0.29856495890448564
21374	0.2463387205227178	0.5305784772846074	0.22308280219267482
21375	0.829221414694244	0.11397499641329192	0.056803588892464056
21376	0.932991867623626	0.03548454636223722	0.031523586014136885
21377	0.9448531557687088	0.03090031576443975	0.024246528466851536
21378	0.35402458704476764	0.32567850451621694	0.3202969084390154
21379	0.8881658434448553	0.04830179269637493	0.06353236385876976
21380	0.9585448617151153	0.03030273595932567	0.011152402325558999
21381	0.2409992199311535	0.15358813683825007	0.6054126432305964
21382	0.4633390585644143	0.1642118321319266	0.37244910930365904
21383	0.37934842090462373	0.4846282953524925	0.13602328374288386
21384	0.25315177860143334	0.47561204090238546	0.27123618049618126
21385	0.14204990193969136	0.44053323715239573	0.4174168609079129
21386	0.43604176779115383	0.5090213999069162	0.05493683230192994
21387	0.24664273490546998	0.5932231953185416	0.1601340697759885
21388	0.39318641816301686	0.42074865056227595	0.18606493127470713
21389	0.8656772564878996	0.10160372544957488	0.03271901806252534
21390	0.05154545475873286	0.4682899746378759	0.48016457060339107
21391	0.017707707824852422	0.6193342986614286	0.362957993513719
21392	0.7285098271624645	0.15459404997474915	0.11689612286278633
21393	0.6854188311696248	0.04856478668078848	0.2660163821495868
21394	0.9516667444601694	0.011983135338717464	0.03635012020111306
21395	0.5055117907545029	0.27378856909499005	0.22069964015050705
21396	0.23063913285253793	0.6331732643431159	0.1361876028043461
21397	0.04549864642128367	0.6022196634458211	0.35228169013289523
21398	0.18960032772160668	0.638615021038994	0.1717846512393994
21399	0.3460114022133907	0.29935801332755385	0.35463058445905543
21400	0.014990834607195339	0.5588990338145218	0.42611013157828287
21401	0.19675126875499677	0.6519479035374999	0.15130082770750342
21402	0.38819511950114066	0.36498947745658616	0.24681540304227315
21403	0.001753199997584618	0.2120042499466924	0.7862425500557231
21404	0.14893691923065483	0.45338732037052454	0.39767576039882063
21405	0.20126993538087332	0.1627521019338652	0.6359779626852615
21406	0.7354612374815923	0.07479499121007124	0.18974377130833647
21407	0.2456721262357241	0.3737886768394076	0.3805391969248684
21408	0.7326333905798874	0.23653821005247952	0.030828399367633052
21409	0.823654449776533	0.16374188576118	0.01260366446228713
21410	0.7940140869165342	0.18962832256058712	0.01635759052287867
21411	0.3803255367460134	0.45626596241991335	0.16340850083407316
21412	0.5308036860633358	0.3390595395908009	0.1301367743458633
21413	0.914272060820887	0.060781519566448866	0.02494641961266425
21414	0.1220164242778648	0.7515103019577597	0.12647327376437548
21415	0.4713854267343989	0.5021186826450642	0.026495890620536918
21416	0.002298023048306793	0.07925755427541958	0.9184444226762736
21417	0.9687699295234051	0.028894970420414796	0.002335100056179975
21418	0.9621355188552823	0.031978163110959176	0.005886318033758583
21419	0.7256376331861305	0.22018520953334916	0.05417715728052035
21420	0.9999999999992366	7.293473707739831e-13	3.398905011615433e-14
21421	0.275721461744872	0.6260970227953938	0.09818151545973426
21422	0.8362644492658885	0.11285490030541594	0.05088065042869567
21423	0.5719732048241847	0.3602131379818026	0.06781365719401262
21424	0.5374167143677936	0.3578254471271912	0.10475783850501527
21425	0.45243371133280436	0.10134372145935375	0.446222567207842
21426	0.12804055470333014	0.25955287840308533	0.6124065668935845
21427	0.5595743776132733	0.2771005222129213	0.16332510017380528
21428	0.007427756603683431	0.17719751279742918	0.8153747305988874
21429	0.03456244654370329	0.8196207098535312	0.14581684360276553
21430	0.13195215896166443	0.48284032877839217	0.3852075122599435
21431	0.1784472304378101	0.16608585256524622	0.6554669169969437
21432	0.8154165268959963	0.14455352035712596	0.040029952746877775
21433	0.012544927310352446	0.583796289319373	0.4036587833702746
21434	0.07082784151311475	0.4364231641034992	0.49274899438338604
21435	0.08579704459782213	0.4228182138344922	0.49138474156768575
21436	0.38678574221445106	0.3884362085814411	0.2247780492041077
21437	0.2555029941619427	0.585928072507405	0.15856893333065233
21438	0.6702877912123298	0.1207103384332551	0.20900187035441506
21439	0.36065301664034877	0.5071962863031432	0.13215069705650812
21440	0.014461678985144092	0.08098462599517305	0.904553695019683
21441	0.07530514473086469	0.384280931772425	0.5404139234967104
21442	0.42687927728133523	0.2895658159018894	0.2835549068167753
21443	0.7511787746266612	0.24882119118423215	3.418910669543563e-08
21444	0.9937891511680534	0.0037472203570802524	0.002463628474866341
21445	0.6533164372334902	0.24473071370274238	0.10195284906376734
21446	0.1088947403837969	0.6198971941425531	0.27120806547365006
21447	0.7616559478548726	0.14855067235313651	0.08979337979199098
21448	0.8543366354630882	0.08815601890921701	0.05750734562769475
21449	0.7146997466186041	0.2026190017872626	0.08268125159413324
21450	0.664594182085072	0.2170727274972466	0.1183330904176813
21451	0.012135169404015787	0.41318172610434095	0.5746831044916433
21452	0.43656209303050475	0.4744762845340787	0.08896162243541655
21453	0.867712935190287	0.11618845556443819	0.01609860924527486
21454	0.062295565256066165	0.34365893744920173	0.5940454972947321
21455	0.4792052299884127	0.14883639091316186	0.37195837909842544
21456	0.02031390096407243	0.6130301633036	0.3666559357323276
21457	0.006388297541094702	0.9773551164987803	0.01625658596012509
21458	0.002260489900479001	0.016302796887141126	0.9814367132123799
21459	0.02198924304564751	0.8209654731627888	0.15704528379156363
21460	0.2650382157435239	0.5852681063033276	0.14969367795314856
21461	0.19366611312262963	0.33832400065795293	0.4680098862194176
21462	0.8587201414738707	0.12657922181887316	0.014700636707256243
21463	0.055962241376305184	0.8673231946056955	0.07671456401799935
21464	0.6473440249910982	0.16268911072782288	0.18996686428107898
21465	0.9460474522038176	0.04311990394904413	0.010832643847138302
21466	0.5770339308714694	0.3812478886134363	0.04171818051509427
21467	0.0016208896267173045	0.05111186972786502	0.9472672406454177
21468	0.042374518076042395	0.2841214315215691	0.6735040504023885
21469	0.0003655820862009481	0.5142478766703932	0.48538654124340597
21470	0.39347560359741984	0.38160123517388445	0.22492316122869574
21471	0.3711889254893946	0.4259883074601493	0.20282276705045618
21472	0.36855598012264845	0.5565150270389702	0.07492899283838132
21473	0.041105228174697465	0.28773304245883197	0.6711617293664706
21474	0.3439372808871609	0.4368828056783423	0.21917991343449678
21475	0.14625745174230684	0.3799957054603929	0.47374684279730017
21476	0.23664759736836177	0.3264870099992924	0.43686539263234586
21477	0.0007823105157019699	0.102524521791617	0.896693167692681
21478	0.11695390237124971	0.455178581396954	0.4278675162317963
21479	0.036675769846191364	0.18807924002403675	0.7752449901297719
21480	0.36287649077250334	0.33773190433171035	0.2993916048957863
21481	0.45974756623872254	0.28138874349553983	0.2588636902657376
21482	0.872493037239392	0.06120392718377213	0.06630303557683596
21483	0.6410431145039918	0.13897453804406537	0.21998234745194292
21484	0.12473005175426852	0.3257544843740623	0.5495154638716692
21485	0.09084323159793775	0.25096987166493523	0.6581868967371269
21486	3.825330877390456e-05	0.04196256232851613	0.9579991843627099
21487	0.0003759352799852377	0.07325311525882773	0.926370949461187
21488	0.9167448308037347	0.07661186264952541	0.006643306546739892
21489	0.9088143954618144	0.08035399122923721	0.010831613308948537
21490	0.00799344452221162	0.10032648925696538	0.891680066220823
21491	0.5752254799326568	0.3067293966033996	0.11804512346394364
21492	0.8852614206796204	0.09629563783128944	0.018442941489090182
21493	0.2252215773581527	0.48183107935081876	0.2929473432910287
21494	0.5476118796878261	0.2777664181689471	0.17462170214322678
21495	0.28580234554575984	0.5354373333871809	0.17876032106705916
21496	0.06946798671247037	0.5620486535875663	0.3684833596999634
21497	0.016888054970049967	0.8115840737185137	0.17152787131143624
21498	0.7759369440585562	0.11329991148737933	0.1107631444540644
21499	0.2713809921598267	0.4689168138755094	0.25970219396466393
21500	0.9469558464367873	0.03802503930975573	0.015019114253457025
21501	0.2740743691856561	0.5778987808099555	0.14802685000438842
21502	0.07701179093965496	0.5306997533130964	0.39228845574724874
21503	0.4308894829258619	0.35516854329544895	0.21394197377868912
21504	0.8822532546071139	0.10745253781000291	0.010294207582883227
21505	0.3605675717014212	0.5330025449581189	0.10642988334045993
21506	0.2067879301895872	0.4886948771965404	0.30451719261387244
21507	0.23359377238901635	0.20265642305352907	0.5637498045574546
21508	0.11664310958808403	0.7246777343510787	0.15867915606083713
21509	0.11740033720436918	0.7876390730124235	0.09496058978320734
21510	0.18861610503473927	0.18234970731237876	0.629034187652882
21511	0.09667351828496909	0.4139406060831675	0.4893858756318635
21512	0.15905437008869125	0.521934248981982	0.3190113809293267
21513	0.06403491489890825	0.08435135073839826	0.8516137343626935
21514	0.393213489325684	0.09207075342320005	0.514715757251116
21515	0.139750919883158	0.8016879265375196	0.05856115357932243
21516	0.09323066495040608	0.13866993968888175	0.7680993953607121
21517	0.3343291081032738	0.2327498959246026	0.43292099597212347
21518	0.0081909637730985	0.14867333999470622	0.8431356962321953
21519	0.36766981074186983	0.4360927637237625	0.19623742553436754
21520	0.28704555796449843	0.3080413450279032	0.4049130970075983
21521	0.01523068748540295	0.7405845254460661	0.2441847870685309
21522	0.019755567709785756	0.702271129264343	0.2779733030258712
21523	0.9260456665638318	0.043367806878955806	0.03058652655721238
21524	0.194880814351596	0.37800260014080983	0.42711658550759424
21525	0.6938433713886715	0.15886623547310874	0.14729039313821987
21526	0.7537938901003718	0.16319782918861064	0.08300828071101769
21527	0.0024125216261758407	0.9915044036749424	0.006083074698881766
21528	0.27262534278736267	0.5305079193347759	0.19686673787786135
21529	0.6568807081527281	0.2983267246343322	0.04479256721293966
21530	0.9113038434194198	0.08841820626111614	0.00027795031946400105
21531	0.28927414967380966	0.6437314826399659	0.06699436768622424
21532	0.007625725255600258	0.3337642803986874	0.6586099943457123
21533	0.35439648280403485	0.3720323720618616	0.2735711451341036
21534	0.11473313226874082	0.4036684581159877	0.4815984096152714
21535	0.4151118786719387	0.2546459332493415	0.33024218807871975
21536	0.39016240740678304	0.4185173514914968	0.19132024110172022
21537	0.019644963963123065	0.7871434275799026	0.19321160845697444
21538	0.032319530857826996	0.7710787511181806	0.19660171802399237
21539	0.9287943470913922	0.04586207580644543	0.025343577102162382
21540	0.35730151972296154	0.35007993025899203	0.2926185500180465
21541	0.36410173172265226	0.5651402891269758	0.07075797915037198
21542	0.14113186283223272	0.06858827059737876	0.7902798665703886
21543	0.7963932192212764	0.08231273368299445	0.12129404709572908
21544	0.3052820737938108	0.22445726691215967	0.47026065929402944
21545	0.2896555019436368	0.4561416936763307	0.25420280438003245
21546	0.34525698968453866	0.45456682490322853	0.20017618541223292
21547	0.9943014866343782	0.0031865417736207467	0.002511971592000989
21548	0.0783954631695197	0.752891767837013	0.16871276899346735
21549	1.0	4.072436787774522e-30	3.670989417795571e-33
21550	0.08613872968554447	0.6774060446253155	0.23645522568913996
21551	0.8133582991232243	0.12681673935855042	0.05982496151822526
21552	0.870548786217571	0.10515562339228289	0.02429559039014608
21553	0.09668360138202844	0.6413394286232845	0.2619769699946871
21554	0.1841017710459646	0.15636325623864633	0.659534972715389
21555	0.03604292542315013	0.01598706073670475	0.9479700138401451
21556	0.5539617866489819	0.0517306217474119	0.3943075916036063
21557	0.03816134163645333	0.5074667918303484	0.4543718665331982
21558	0.22051146618016898	0.5210961411158725	0.2583923927039585
21559	0.0001477884022300519	0.030422146799998634	0.9694300647977712
21560	0.2390997656252562	0.6850961908299958	0.07580404354474801
21561	0.47334250034092634	0.44134533756487027	0.08531216209420346
21562	0.3363315354581162	0.5555155559092013	0.10815290863268238
21563	0.0009312257854366755	0.32650529529820077	0.6725634789163626
21564	0.9993191628908057	0.0006008209746961128	8.001613449833588e-05
21565	0.08003559963611938	0.6812822482630368	0.23868215210084384
21566	0.29607443450700105	0.6071788567086045	0.0967467087843945
21567	0.31252229429942874	0.5332223371341396	0.15425536856643168
21568	0.5366791229733773	0.42458757205363973	0.038733304972983044
21569	0.2268418483827357	0.7045037415145314	0.06865441010273286
21570	0.2316754182854193	0.5816837921562015	0.18664078955837926
21571	0.1235905740958813	0.627257578202058	0.24915184770206075
21572	0.554559737622304	0.3541295003354422	0.09131076204225375
21573	0.736345537893514	0.15672300124046523	0.10693146086602083
21574	0.4548441643148587	0.35187807341394894	0.1932777622711923
21575	0.05569710911248145	0.7762857524170053	0.16801713847051322
21576	0.18817801530925693	0.6361350855216441	0.17568689916909905
21577	0.7850709992326812	0.15696594804532477	0.05796305272199416
21578	0.0034492850058731547	0.23920565226293117	0.7573450627311957
21579	0.0003686413266512655	0.5194881307445772	0.4801432279287716
21580	0.0037490712428724514	0.6027728610050018	0.3934780677521258
21581	0.45546794610004987	0.2770184567482652	0.267513597151685
21582	0.8727373941714006	0.08062581059063989	0.04663679523795948
21583	0.000963042717131018	0.16515164031436938	0.8338853169684995
21584	0.8616337584567049	0.10297804696392956	0.035388194579365775
21585	0.05854653174865628	0.15504503401888936	0.7864084342324543
21586	0.08630617845732119	0.28964471589149676	0.624049105651182
21587	0.15885398928258398	0.728559505417126	0.11258650530029002
21588	0.04038392554503025	0.9474661947294519	0.012149879725517865
21589	0.9299580140412379	0.051102001463285876	0.018939984495476094
21590	0.680280900729597	0.18324516517196562	0.13647393409843725
21591	0.020888611736353063	0.9126983837102808	0.06641300455336617
21592	0.4957222071993686	0.2702207933025703	0.23405699949806122
21593	0.4505819376567026	0.25566604579469693	0.29375201654860045
21594	0.1661304818987589	0.0943153933521626	0.7395541247490786
21595	0.9988532264706146	0.0010098863011229618	0.00013688722826241877
21596	0.859304277608099	0.07318877376690187	0.06750694862499912
21597	0.05660237411116216	0.5440457383652425	0.3993518875235953
21598	0.778979065477967	0.16813064374879444	0.05289029077323863
21599	0.27667509242747124	0.5974004743780743	0.1259244331944545
21600	0.1214699206973236	0.5704051236616786	0.3081249556409977
21601	0.002131350079029259	0.01633997423213001	0.9815286756888407
21602	0.07567957786117757	0.11837373007241286	0.8059466920664097
21603	0.9847067800174971	0.013317207338313222	0.001976012644189661
21604	0.8824313080938017	0.09860315204098528	0.018965539865213096
21605	0.8468218627865564	0.10960551672290579	0.043572620490537735
21606	0.001076827864795243	0.03491318279300995	0.9640099893421947
21607	0.012790601752558495	0.05215695412934116	0.9350524441181003
21608	0.12892474369772286	0.20966262805037678	0.6614126282519003
21609	0.8966898501862673	0.08300657477150623	0.020303575042226327
21610	0.7849857262965527	0.19258183263171355	0.02243244107173386
21611	0.7967446048195529	0.17751496059778726	0.025740434582659805
21612	0.9743476571387014	0.01788668329605067	0.007765659565247858
21613	0.0064275782779725675	0.33576191769768426	0.6578105040243432
21614	0.06547855688115123	0.456204265756496	0.4783171773623529
21615	0.9196306057670881	0.06192034120180494	0.018449053031107044
21616	0.5991116317754934	0.28503548868401096	0.11585287954049557
21617	0.6594627798082813	0.2409100324128733	0.09962718777884547
21618	0.060429110127705396	0.21533207903208115	0.7242388108402135
21619	0.41210521089093594	0.260534164151364	0.3273606249577
21620	0.5438225656565323	0.2221884976136319	0.23398893672983584
21621	0.9258759539446578	0.043320901833285845	0.030803144222056367
21622	0.36307962994443527	0.5604942076802126	0.07642616237535203
21623	0.8374401489941602	0.08208042654706861	0.08047942445877118
21624	0.45924492019074026	0.33275591805569604	0.20799916175356364
21625	0.7553006185192359	0.1545201280161188	0.09017925346464538
21626	0.8409126666900761	0.06106786977691302	0.09801946353301087
21627	0.003133263587855642	0.7350525296290237	0.2618142067831206
21628	0.07864073564185518	0.43775371636722543	0.4836055479909193
21629	0.06705728331922942	0.7848213522892734	0.1481213643914971
21630	0.00041345734205861044	0.057494397866797664	0.9420921447911436
21631	0.06872540794324758	0.7146359730748529	0.21663861898189943
21632	0.0005594853087167313	0.049347617999572414	0.950092896691711
21633	0.14514083649731974	0.2517371925657125	0.6031219709369676
21634	0.582569413469611	0.1793281665344177	0.23810241999597137
21635	0.24227092870446018	0.6449370574863109	0.11279201380922878
21636	0.27142519418473	0.4462343939208026	0.28234041189446735
21637	0.3861212656522241	0.37838911983875556	0.23548961450902034
21638	0.9971774106714724	0.002699974159321315	0.00012261516920634877
21639	0.014955402931825726	0.6607056662077994	0.3243389308603749
21640	0.18304741499710375	0.5165389381816337	0.3004136468212626
21641	0.19660678803762313	0.7145538903833102	0.08883932157906674
21642	0.3408633309457162	0.3875916225527498	0.271545046501534
21643	0.1639071947886887	0.4721322461982569	0.36396055901305435
21644	0.5516380411438195	0.32402844644714474	0.12433351240903574
21645	0.08430750435714618	0.19681443478556204	0.7188780608572918
21646	0.08544418059943137	0.25612659631993734	0.6584292230806312
21647	0.23345107948841864	0.5779368733859854	0.18861204712559598
21648	0.6746559678897684	0.2884604892848606	0.036883542825371006
21649	0.14790741649367045	0.4916493559604588	0.3604432275458709
21650	0.08473749145957381	0.41220352705495933	0.5030589814854669
21651	0.40848456883856465	0.35291618966123234	0.238599241500203
21652	0.14169703728358352	0.6870561403815808	0.17124682233483574
21653	0.028719805188188733	0.37225033323308226	0.599029861578729
21654	0.040256983967334174	0.41848393312782073	0.541259082904845
21655	0.2669277099431978	0.535316141756353	0.19775614830044919
21656	0.7762572168437389	0.1774240454313526	0.04631873772490846
21657	0.04683854433927168	0.11811930557042935	0.8350421500902991
21658	0.31251951640455705	0.13972404520298634	0.5477564383924565
21659	0.2573844519655741	0.564706138049179	0.17790940998524693
21660	0.005181151037206336	0.32822031161458887	0.6665985373482047
21661	0.4480105229278955	0.37760408022948644	0.174385396842618
21662	0.840465567379249	0.12899841646817697	0.030536016152573963
21663	0.06711065814671731	0.9300140605817755	0.0028752812715072003
21664	0.0887444760047129	0.6086296998725335	0.3026258241227535
21665	0.12209003748551539	0.633816393637309	0.24409356887717557
21666	0.2972959411470594	0.6981624969958088	0.004541561857131887
21667	0.04136697754246867	0.16729674061935873	0.7913362818381726
21668	0.05569759575832246	0.3779082228852548	0.5663941813564227
21669	0.07173043482076095	0.5187732234976857	0.40949634168155324
21670	0.4000207958293402	0.3921747179509215	0.20780448621973824
21671	0.016234913167391375	0.44445557534768093	0.5393095114849278
21672	0.19012883114095108	0.3321346388713529	0.477736529987696
21673	0.05823344969534858	0.3576929951014928	0.5840735552031587
21674	0.07744354226991441	0.6486944345230955	0.27386202320699016
21675	0.06959779375471055	0.8698467744197922	0.06055543182549733
21676	0.0023348155133659874	0.6081563146111468	0.38950886987548716
21677	0.012361945529167959	0.8816576670935128	0.10598038737731934
21678	0.01593328799163167	0.15300450206503338	0.8310622099433349
21679	0.017325397669640755	0.4993058266533816	0.48336877567697784
21680	0.5176193270857037	0.41304994374722004	0.06933072916707622
21681	0.1073367924495214	0.5223457197668251	0.3703174877836534
21682	0.19508580740607173	0.34818685309574193	0.4567273394981864
21683	0.37693113455017174	0.5078092474832676	0.11525961796656063
21684	0.38002614627801695	0.2707156015742845	0.34925825214769857
21685	0.012717662374762967	0.5694058457478495	0.41787649187738757
21686	0.0393810262104779	0.45652278680219366	0.5040961869873284
21687	0.16368322277687444	0.5222590408770735	0.314057736346052
21688	0.21511506879631717	0.3064828245550445	0.4784021066486385
21689	0.732741462388096	0.17919664634465035	0.0880618912672535
21690	0.3502294496256569	0.5733112999655314	0.07645925040881174
21691	0.9827484438371018	0.010272349733144349	0.0069792064297538045
21692	0.4352581662282378	0.3055070203881518	0.25923481338361043
21693	0.9369401404138209	0.022336788074602744	0.04072307151157634
21694	0.9937971967013687	0.0050292960482287855	0.0011735072504025104
21695	0.024281766504365858	0.29092251207269454	0.6847957214229395
21696	0.19329782659019223	0.4475098356610021	0.3591923377488057
21697	0.7773349250217734	0.11388689940610891	0.10877817557211775
21698	4.2095299850007226e-05	0.1602431770451034	0.8397147276550465
21699	0.00024751388424089994	0.2594817005470599	0.7402707855686993
21700	0.7920172769289368	0.11613475044020366	0.09184797263085974
21701	0.785653223409825	0.20936719322802455	0.0049795833621504625
21702	0.09336676024859075	0.706091453427719	0.2005417863236903
21703	0.1278635791991186	0.5853413904930923	0.2867950303077892
21704	0.6057010252770969	0.30792377402603816	0.08637520069686495
21705	0.023043404599638266	0.3564003422863523	0.6205562531140095
21706	0.21073800659781777	0.6054441175737664	0.18381787582841583
21707	0.8462042373505393	0.08178861294884632	0.0720071497006144
21708	0.8520471297840194	0.08122296306154632	0.06672990715443428
21709	0.7140847474910386	0.16020310747387023	0.1257121450350912
21710	0.8825791867868212	0.059878558949407364	0.05754225426377148
21711	0.8101105424789719	0.1343263446184651	0.055563112902562946
21712	0.6694107670492134	0.14081608665923545	0.18977314629155112
21713	0.31234250734908525	0.23420655079476854	0.4534509418561462
21714	0.12495059419172597	0.36462264578969966	0.5104267600185742
21715	0.17739759653669065	0.5397452696188039	0.28285713384450545
21716	0.20212706739177932	0.3788127215824658	0.4190602110257548
21717	0.8250022339024965	0.12499715438322605	0.050000611714277464
21718	0.9350656459063502	0.04785809910163862	0.0170762549920111
21719	0.0001619141361703639	0.1355615423214045	0.8642765435424252
21720	0.38945202568847176	0.49092441329180453	0.1196235610197237
21721	0.4538071973614254	0.4565433293492709	0.08964947328930373
21722	0.6978649678200948	0.2228361392372601	0.07929889294264514
21723	0.5548831119544193	0.3347137160727572	0.11040317197282364
21724	0.6748647764549156	0.17220815950434212	0.15292706404074227
21725	0.2291369370692661	0.0656143852433277	0.7052486776874063
21726	0.8737374713347095	0.053161947918500936	0.07310058074678957
21727	0.6597111489720161	0.11065683791724358	0.22963201311074039
21728	0.8102918892384915	0.1306141651090346	0.05909394565247385
21729	0.16022321443030377	0.6740467376404186	0.16573004792927773
21730	0.3303245706306741	0.1130543607591353	0.5566210686101907
21731	0.906329647449773	0.05035634212370934	0.04331401042651762
21732	0.02933390964565494	0.49578905862205846	0.4748770317322865
21733	0.3049565830955059	0.3047120139338553	0.3903314029706389
21734	0.42334551188822095	0.4518363608918778	0.12481812721990133
21735	0.5621447835388026	0.2778709774605219	0.15998423900067557
21736	0.02130906802659984	0.03941510648615063	0.9392758254872495
21737	0.0015751611628502995	0.06559239078698341	0.9328324480501664
21738	0.16574420145524588	0.7891184007292861	0.0451373978154682
21739	0.8282077588829254	0.06102345189042775	0.11076878922664686
21740	0.3417323892429614	0.16934108932613304	0.4889265214309056
21741	0.9359109646272294	0.03170264774763461	0.03238638762513587
21742	0.8407256004874905	0.13360134947374308	0.025673050038766434
21743	0.05978120908410433	0.7018799966298486	0.23833879428604715
21744	0.020637562974538008	0.15208607268067056	0.8272763643447913
21745	0.43778228550791115	0.3891169717679586	0.17310074272413012
21746	0.7882387389430395	0.17597006107255395	0.03579119998440644
21747	0.9999999999991687	5.618717351916815e-13	2.6960965082505485e-13
21748	0.23642582526797398	0.38203164295431724	0.3815425317777087
21749	0.7371975236434986	0.2163516376358638	0.04645083872063757
21750	0.9854095214493851	0.010388743438913758	0.004201735111701214
21751	0.4135446813478484	0.4308884204590897	0.15556689819306194
21752	0.4187401422702976	0.49861816386594243	0.08264169386375991
21753	0.040131824643853016	0.5865007090617618	0.3733674662943852
21754	0.7540052466395682	0.18726015555158157	0.05873459780885023
21755	0.9124018935874151	0.06660672479394499	0.02099138161863993
21756	0.8403694193755368	0.11099399170956355	0.04863658891489974
21757	0.8713378876020141	0.06565246278090066	0.06300964961708505
21758	0.06951477273573863	0.2871939025665151	0.6432913246977463
21759	0.20682314437588684	0.23245885626934404	0.5607179993547692
21760	0.0017981695933256753	0.6457845234073045	0.3524173069993698
21761	0.02577898951566628	0.5917625252938099	0.38245848519052383
21762	0.429872900859957	0.3747546641588269	0.19537243498121604
21763	0.16765375371213495	0.223635296458832	0.6087109498290332
21764	0.7234984675545474	0.20508287432304692	0.0714186581224057
21765	0.3865742068438017	0.4684066500789429	0.14501914307725533
21766	0.5495872661693704	0.3721679551694046	0.07824477866122502
21767	0.8439917726816106	0.12058737307752784	0.03542085424086147
21768	0.04679718582614319	0.39580234027113126	0.5574004739027256
21769	0.306339866154729	0.3259683345731355	0.3676917992721355
21770	0.053616942644349866	0.5673975777117846	0.37898547964386553
21771	0.06744739141353241	0.8491751683099922	0.08337744027647549
21772	0.03517394127473561	0.31169245913330973	0.6531335995919547
21773	0.007150626304754532	0.431457280937799	0.5613920927574465
21774	0.30431916526203456	0.6389049484358316	0.05677588630213393
21775	0.8805235266031319	0.10629373661440707	0.013182736782460996
21776	0.6932959925075228	0.24842492432293078	0.058279083169546435
21777	0.4723429761368399	0.3586400605350307	0.1690169633281294
21778	0.05397966300303773	0.6562210578037192	0.2897992791932431
21779	0.511160018309878	0.30037757420704775	0.18846240748307422
21780	0.22608800481651178	0.49340506557742136	0.28050692960606677
21781	0.011357881271016189	0.6815281385108416	0.3071139802181421
21782	0.07619370179192933	0.25195846876717154	0.6718478294408992
21783	0.6535995684559456	0.34485072182337645	0.0015497097206780988
21784	0.33893281499100714	0.36692575563624646	0.2941414293727464
21785	0.22557220555957744	0.2190198191891754	0.5554079752512472
21786	0.3209807054491177	0.22890779360862	0.4501115009422623
21787	0.48107621266100253	0.3428074439820577	0.17611634335693974
21788	6.602905824530622e-05	0.012674436004074323	0.9872595349376804
21789	0.8798486794875713	0.09716947908338278	0.022981841429045836
21790	0.019194305947725445	0.2849526831940343	0.6958530108582403
21791	0.0358271259239367	0.2669852039262089	0.6971876701498545
21792	0.29260788206654864	0.24866177828622588	0.4587303396472254
21793	0.14431287172987672	0.7758432616223447	0.07984386664777865
21794	0.37814204732003254	0.5231873460550532	0.09867060662491421
21795	0.8799596324817738	0.054701829460111644	0.0653385380581147
21796	0.5752875291065419	0.3528913919687979	0.07182107892466016
21797	0.3041443250778471	0.24742624835244703	0.4484294265697058
21798	0.8861946053919078	0.06111547469569259	0.05268991991239982
21799	0.10813028488664901	0.6027900324258688	0.2890796826874822
21800	0.37280895035730893	0.5671749249786903	0.06001612466400079
21801	0.10860577644419954	0.10975629090381277	0.7816379326519878
21802	0.32714800006340766	0.39500885576159384	0.2778431441749985
21803	0.7771062805696037	0.153112046254929	0.0697816731754674
21804	0.4272191830971748	0.402870959539787	0.1699098573630382
21805	0.14866137034052576	0.834815532977072	0.0165230966824022
21806	0.6742544409988034	0.3257455238917044	3.510949216542582e-08
21807	0.293952044789142	0.20247284257735323	0.5035751126335049
21808	0.7609840379984264	0.10676275066972982	0.13225321133184378
21809	0.20099056347172012	0.323072353009756	0.47593708351852376
21810	0.6382976234474627	0.20852853922696546	0.15317383732557185
21811	0.06430227826793154	0.014014538532879725	0.9216831831991887
21812	0.710241595670115	0.27000737744287984	0.01975102688700511
21813	0.6140209406482168	0.13819243863443323	0.24778662071734997
21814	0.19982625207967042	0.6901902530231429	0.10998349489718669
21815	0.012380669018016557	0.15886904379090006	0.8287502871910835
21816	0.029042949915537915	0.5820131805702219	0.38894386951424026
21817	0.19069769400449538	0.5701834378683459	0.23911886812715874
21818	0.7441991980684471	0.11116121900225433	0.14463958292929865
21819	0.8265269094410025	0.10242001289294564	0.07105307766605175
21820	0.07564642271984304	0.6466543304555656	0.2776992468245913
21821	0.5568506115920131	0.28150084652379653	0.16164854188419042
21822	0.8647350578275821	0.1032325944201869	0.032032347752230926
21823	0.31933739602941646	0.482854555765047	0.19780804820553655
21824	0.5519968963559871	0.19499005033106154	0.25301305331295126
21825	0.7886577071273178	0.14465559124089206	0.06668670163179027
21826	0.05444507750074869	0.4273954393521816	0.5181594831470697
21827	0.45035253163332806	0.2255041878788564	0.32414328048781554
21828	0.004674968948252733	0.5115737847468634	0.48375124630488386
21829	0.33994359503755317	0.5675458541215282	0.09251055084091861
21830	0.7709303199789711	0.220202062304556	0.00886761771647284
21831	0.020971541209543046	0.43585236870464655	0.5431760900858105
21832	0.3562081480706978	0.38616286644656883	0.25762898548273333
21833	0.9457029770790288	0.033802440515802	0.02049458240516912
21834	0.3839817984017359	0.33116910989822357	0.2848490917000406
21835	0.7809083916987462	0.1841777137551576	0.03491389454609619
21836	0.29917112015918795	0.45182199135933326	0.2490068884814787
21837	0.5634408970373864	0.2947052025126213	0.1418539004499923
21838	0.9091217409154647	0.07774270725765206	0.013135551826883161
21839	0.8916728968598472	0.04935951830326445	0.058967584836888395
21840	0.11749816761597322	0.5809911341725412	0.3015106982114856
21841	4.881639182959658e-05	0.008745864947003149	0.9912053186611673
21842	0.6659556880143077	0.2853786708323085	0.04866564115338381
21843	0.7190561375646285	0.24707554459221673	0.03386831784315483
21844	0.2897832715974618	0.5578794307877774	0.1523372976147609
21845	0.8422574022514796	0.11183456949851515	0.04590802825000519
21846	0.9172840403535742	0.048651007435944256	0.03406495221048145
21847	0.4893036436386983	0.4519021982343514	0.05879415812695019
21848	0.18184706269214226	0.5609748823321715	0.2571780549756863
21849	0.2481873960953546	0.19802512019323315	0.5537874837114124
21850	0.23012202279997268	0.545320129405609	0.22455784779441829
21851	0.04288135171196179	0.9105749460937845	0.04654370219425364
21852	0.14429255009369807	0.6406222384821887	0.2150852114241132
21853	0.731311682025732	0.1224913195475683	0.14619699842669961
21854	0.4225598039221358	0.0609234472012772	0.516516748876587
21855	0.14505257046720318	0.640757552549152	0.21418987698364472
21856	0.4103479809397209	0.4988342319173434	0.09081778714293573
21857	0.018081314855936365	0.18412092568092767	0.7977977594631359
21858	0.007765635227162015	0.31744736395450784	0.6747870008183302
21859	0.07552735505927433	0.38845874446643214	0.5360139004742935
21860	0.0949940357961507	0.2506469790688295	0.6543589851350199
21861	0.6162318219903435	0.2634802091662553	0.1202879688434011
21862	0.09251673634046036	0.5832113272270583	0.32427193643248137
21863	0.44485077614098223	0.46473130303824234	0.09041792082077531
21864	0.28405400003495224	0.3361106984100749	0.37983530155497275
21865	9.532593441267467e-06	0.031966500130139346	0.9680239672764193
21866	0.33477681369088697	0.44389730533413885	0.22132588097497427
21867	0.72536330206189	0.16545753248668793	0.10917916545142209
21868	0.8332713422161514	0.14730279564531118	0.01942586213853737
21869	0.43273268902950107	0.4693686389537996	0.09789867201669937
21870	0.03995600514832769	0.8865318193381612	0.07351217551351107
21871	0.7118407046783432	0.05002874544235789	0.23813054987929905
21872	0.027303812192161374	0.7560181145679381	0.21667807323990054
21873	0.03744921342081245	0.5912948881666202	0.3712558984125674
21874	0.172331860983576	0.4084310337209693	0.41923710529545477
21875	0.748971348372742	0.11323046824153232	0.13779818338572564
21876	0.5391992784282322	0.3019862489461428	0.15881447262562498
21877	0.3593115226922376	0.2120131612837533	0.42867531602400905
21878	0.8625913073542751	0.11215187604918592	0.025256816596538896
21879	0.012934224805042726	0.19236465307395423	0.794701122121003
21880	0.037851743183132544	0.13829762843476123	0.8238506283821062
21881	0.734327696648743	0.20244800675619462	0.06322429659506243
21882	0.3712909322179374	0.2266273731600725	0.40208169462199017
21883	0.2314624551149787	0.5914094832273005	0.1771280616577208
21884	0.2891171596347507	0.5474501632503757	0.16343267711487366
21885	0.15985401297099094	0.7532589396739284	0.08688704735508057
21886	0.050385943633209036	0.7341662721908381	0.21544778417595287
21887	0.3137459873619508	0.4718480731289444	0.2144059395091047
21888	0.9159991607227306	0.07548357101596129	0.00851726826130806
21889	0.005226177842897656	0.4696375982949003	0.525136223862202
21890	0.1035518083593491	0.7610270577741615	0.13542113386648938
21891	0.0006527608571362064	0.31734881565738354	0.6819984234854802
21892	0.7166326067699136	0.215684897595433	0.06768249563465333
21893	0.0019328043960285639	0.8433103873789554	0.154756808225016
21894	0.028640007232288538	0.7978553172000582	0.17350467556765323
21895	0.27829904296246477	0.5292595697327716	0.1924413873047638
21896	0.001157245741957203	0.07450863580493451	0.9243341184531084
21897	0.3107650016141134	0.3837467135543511	0.3054882848315355
21898	0.49598400254837843	0.4245772293859434	0.079438768065678
21899	0.950507584598992	0.043832960652505235	0.005659454748502755
21900	0.3078104878631171	0.36734365990770484	0.3248458522291781
21901	0.7447765088524333	0.25478611118574107	0.0004373799618256243
21902	0.05073008071537639	0.367069370859067	0.5822005484255567
21903	0.036101460229509934	0.5125636908114761	0.4513348489590139
21904	0.164361877017034	0.7926346805172672	0.0430034424656989
21905	0.7660949677451302	0.21806883423041834	0.015836198024451496
21906	0.30207702176593876	0.5205388026013898	0.1773841756326715
21907	0.358467176121218	0.4737452037315399	0.16778762014724208
21908	0.48252305731019424	0.2993023617657563	0.21817458092404948
21909	0.8801767562377536	0.04998043193216185	0.06984281183008455
21910	0.30326523670041655	0.6367466910998684	0.05998807219971514
21911	0.8186022735727638	0.16739033422576272	0.01400739220147344
21912	0.9638705050561216	0.02910948540259719	0.007020009541281229
21913	0.19648118604684686	0.4581146143904379	0.34540419956271523
21914	0.6371663906263124	0.2716682750495597	0.09116533432412793
21915	0.9647685617986097	0.0243175358308117	0.010913902370578389
21916	4.675047648085041e-05	0.15562653734105053	0.8443267121824686
21917	0.005786585309763402	0.44969934563279024	0.5445140690574464
21918	0.16648925743082746	0.439580971563342	0.3939297710058305
21919	5.487528999205619e-06	0.06326375467630037	0.9367307577947003
21920	0.8741346135219599	0.07268121655957525	0.05318416991846497
21921	0.8078693488553867	0.08099014469723434	0.11114050644737893
21922	0.9997073971786056	0.00028937548253092643	3.2273388635552462e-06
21923	0.6219769162943829	0.1424704571088008	0.2355526265968163
21924	0.0846188296087568	0.16726592684496905	0.7481152435462742
21925	0.4835166480385453	0.3515424345158817	0.16494091744557304
21926	0.010495145504721554	0.45450599485104237	0.5349988596442361
21927	0.2604786409314738	0.5022716142567782	0.23724974481174788
21928	0.9081793068244616	0.0664537614398709	0.025366931735667477
21929	0.032311499022478256	0.22452191314644665	0.743166587831075
21930	0.003528217222880347	0.15571024345448728	0.8407615393226325
21931	0.8753506428914579	0.04511364235614574	0.07953571475239629
21932	0.8272544639183843	0.06744232085672199	0.10530321522489354
21933	0.9738982295188505	0.012980501488623801	0.01312126899252566
21934	0.6253485617550882	0.2652779481198607	0.10937349012505103
21935	0.2697440763432911	0.41556736099189856	0.3146885626648102
21936	0.07520647872831053	0.5466188186032301	0.37817470266845926
21937	0.4092638314583828	0.40342595668693876	0.18731021185467853
21938	0.10392652639420079	0.46956279401533507	0.426510679590464
21939	0.21904918462390846	0.7150543432047942	0.06589647217129732
21940	0.7158809339274004	0.26676168162570263	0.017357384446896905
21941	0.9476497395327855	0.034682145144161194	0.017668115323053225
21942	0.4428982577641651	0.18332467183931758	0.3737770703965174
21943	0.03393780469369507	0.3301591233356241	0.6359030719706807
21944	0.42132184769190845	0.4426901446171145	0.13598800769097708
21945	0.06418904696301388	0.5070464615600196	0.4287644914769665
21946	0.40267197784702935	0.4785717662567632	0.11875625589620742
21947	6.117969323382594e-07	0.010473926636694978	0.9895254615663728
21948	6.164863664976951e-06	0.01875282067574787	0.9812410144605872
21949	0.3251320092659107	0.5507036802102137	0.12416431052387567
21950	0.1101002931251269	0.37682520868156827	0.5130744981933048
21951	0.022451455794229132	0.2793525931742931	0.6981959510314778
21952	0.8047351683385469	0.1516174772344067	0.04364735442704655
21953	0.9656591179562113	0.028803546678905327	0.005537335364883281
21954	0.001680959837966028	0.39522392862878214	0.6030951115332518
21955	0.8913649502259057	0.06356182478591553	0.04507322498817894
21956	0.9313369669179136	0.03953730612204557	0.029125726960040812
21957	0.3354429745738692	0.25882279082011345	0.4057342346060174
21958	0.002657718156375424	0.44564456460670804	0.5516977172369164
21959	0.8291526612704079	0.08674515676996053	0.0841021819596316
21960	0.8002165735855001	0.13412844840894225	0.06565497800555757
21961	0.8541649012530415	0.10139711532252942	0.04443798342442917
21962	0.3553102689216047	0.44961859964190243	0.19507113143649282
21963	0.06554860132967276	0.7296518879029024	0.20479951076742492
21964	0.528796388006447	0.3385944072817642	0.13260920471178875
21965	0.7210515937886829	0.23355326782467653	0.04539513838664056
21966	0.05589771252130658	0.5093886080777386	0.4347136794009549
21967	0.05943513312958214	0.4804292550165966	0.4601356118538213
21968	0.23027496988581544	0.7691819599904924	0.0005430701236921208
21969	0.009773644673597084	0.0893130706327212	0.9009132846936817
21970	0.6811793822696209	0.29249257432222514	0.02632804340815402
21971	0.35417231238919455	0.5543644282875353	0.09146325932327025
21972	0.6438420576307421	0.25278256459313647	0.10337537777612155
21973	0.4150175880635741	0.22019929283817619	0.3647831190982497
21974	0.6989583672504585	0.13179558065895744	0.1692460520905842
21975	0.9218718235795758	0.04332700351397649	0.03480117290644777
21976	0.028031094273931845	0.8819388957619715	0.09003000996409664
21977	0.5635630266328182	0.26706957081555255	0.16936740255162916
21978	0.01038071309392854	0.05017405904438817	0.9394452278616832
21979	0.06328811592906133	0.3139340536320258	0.6227778304389129
21980	0.0956095700159368	0.7947669555986242	0.1096234743854389
21981	0.29556667373557466	0.6050452609141713	0.09938806535025403
21982	0.5172722728275447	0.3200140182636665	0.1627137089087887
21983	5.588214257819077e-06	0.999992995516768	1.4162689741983086e-06
21984	0.03931163693831577	0.5905543863343768	0.37013397672730736
21985	0.34588811346759374	0.17200523499109036	0.4821066515413159
21986	0.4983145212489676	0.23870283150931293	0.2629826472417195
21987	0.3986618777588707	0.26956939390626256	0.33176872833486676
21988	0.06778778559089271	0.29919076679056156	0.6330214476185457
21989	0.5871714376679443	0.1415602698011622	0.2712682925308934
21990	0.11131772314660109	0.46100055880262875	0.4276817180507702
21991	0.0036889882256483097	0.22707944006178657	0.7692315717125651
21992	0.10284745689916205	0.8178953741115429	0.07925716898929504
21993	0.007996154385388901	0.18552436439096912	0.8064794812236421
21994	0.0007663145171596292	0.10265880133596612	0.8965748841468743
21995	0.20555741951316142	0.683414218046193	0.1110283624406457
21996	0.01617228989016382	0.6974136249249371	0.28641408518489914
21997	0.6071308262506719	0.18778802674425174	0.20508114700507615
21998	0.6255519805711077	0.1142914590740307	0.2601565603548616
21999	0.5779440019217392	0.3703073761162153	0.051748621962045535
22000	0.8251266189179449	0.1384850843366488	0.03638829674540622
22001	0.7727680133916957	0.1742815180000089	0.052950468608295456
22002	0.016356601378303304	0.2766938763336654	0.7069495222880313
22003	0.35199980130855263	0.09012664735854077	0.5578735513329066
22004	0.02817149200151682	0.41668461230890563	0.5551438956895777
22005	1.1249477544733964e-06	0.03163603791712063	0.968362837135125
22006	3.454653769873248e-05	0.1573964963961275	0.8425689570661739
22007	0.3988140085297805	0.4172163020022105	0.1839696894680089
22008	0.08640248487123632	0.5086249235724511	0.4049725915563126
22009	0.7886129150213247	0.02804495333013135	0.18334213164854393
22010	0.01617558773738632	0.11797193210735858	0.865852480155255
22011	0.11703291462323566	0.270781168579064	0.6121859167977003
22012	0.04678961410502849	0.28289112935024435	0.6703192565447271
22013	0.1702685420776448	0.5952744483580382	0.23445700956431703
22014	0.05696720800277949	0.3675363955903673	0.5754963964068531
22015	0.320666029631289	0.4900685973909326	0.1892653729777785
22016	0.020719653870980282	0.30734435301770907	0.6719359931113106
22017	0.31926197647782	0.2931893908784675	0.3875486326437124
22018	0.2386931082617045	0.41633649123832056	0.34497040049997496
22019	0.7090884852591923	0.2630394694061564	0.027872045334651083
22020	0.9999999768684852	2.2658663563308174e-08	4.728512352370635e-10
22021	0.22539703697325925	0.6894671951090151	0.08513576791772556
22022	0.29357105932517075	0.6258123593889093	0.08061658128591989
22023	0.9954668709347397	0.004170710179295092	0.0003624188859650147
22024	0.9055654519548749	0.08302801716616255	0.011406530878962498
22025	0.8316936169003533	0.05958965165091729	0.10871673144872934
22026	0.7486030216625271	0.10376385803123543	0.14763312030623757
22027	0.6754850901648772	0.11628557678855539	0.20822933304656743
22028	0.9470160424560644	0.05289186464363722	9.209290029839212e-05
22029	0.027010647958879145	0.45718881013571044	0.5158005419054104
22030	0.8189932169077575	0.07432280287529695	0.10668398021694565
22031	2.58609808191168e-05	0.07172626977224039	0.9282478692469406
22032	0.14279736569857449	0.11925900213823988	0.7379436321631857
22033	0.7586247785971808	0.13474503413317665	0.1066301872696425
22034	0.007550910654203898	0.11781489397446934	0.8746341953713269
22035	0.0012039248113133098	0.06827543608857688	0.93052063910011
22036	0.14204657539479165	0.6437211780496553	0.21423224655555295
22037	0.331747791199446	0.19672948683680172	0.47152272196375244
22038	0.004581842726108217	0.5966639406004224	0.39875421667346944
22039	0.000569434787072521	0.5207775461605949	0.4786530190523326
22040	0.024767688315392715	0.3305035245400262	0.6447287871445809
22041	0.0007248563180015422	0.3532601907594883	0.64601495292251
22042	0.16664798321001947	0.19016082683135438	0.6431911899586262
22043	0.6475423715213163	0.20188853994865702	0.15056908853002673
22044	0.982690759317925	0.017309136917559913	1.0376451504761064e-07
22045	0.4739345356429983	0.2861467847647277	0.23991867959227406
22046	0.5254975003829887	0.2725508396598815	0.20195165995712974
22047	0.4640783490943335	0.3588231501686784	0.17709850073698807
22048	0.0009148016450703553	0.3081194293917623	0.6909657689631674
22049	0.8839526508492525	0.08122573320279619	0.03482161594795136
22050	0.06996713431478041	0.47914937310650557	0.450883492578714
22051	0.08958088425053698	0.4577350789324119	0.4526840368170512
22052	0.0007605793017312638	0.6519532186893252	0.3472862020089436
22053	0.027027055065362744	0.5362457817110748	0.43672716322356236
22054	0.01702893799887662	0.15127638162664112	0.8316946803744821
22055	0.02142919140291355	0.3331811323243535	0.645389676272733
22056	0.11373233334918495	0.09338730638934908	0.792880360261466
22057	0.0014096249536971173	0.016678461725919306	0.9819119133203834
22058	0.37978284900309156	0.47828880031942445	0.14192835067748397
22059	0.10934994077089683	0.0541153028270411	0.8365347564020621
22060	0.3475285919149289	0.1720761840702409	0.4803952240148303
22061	0.30772502939451524	0.5006982702718953	0.19157670033358942
22062	0.12100313150510443	0.2388418777532533	0.6401549907416424
22063	0.006780153047875546	0.07381402049587925	0.9194058264562451
22064	0.004306405906085472	0.5437282203725552	0.4519653737213594
22065	2.5479639007595616e-07	0.030126028995075105	0.9698737162085348
22066	0.1641588099508421	0.7519727404309449	0.08386844961821305
22067	0.5192393455806581	0.28503983869464916	0.19572081572469266
22068	0.012716730011051353	0.08072248456456146	0.9065607854243871
22069	0.06457766999848946	0.13450067238281896	0.8009216576186917
22070	0.17965072811827215	0.2744000397296272	0.5459492321521007
22071	0.09340842643080009	0.7198924602176671	0.18669911335153289
22072	0.5592388274059671	0.3532442888066393	0.08751688378739365
22073	0.055057345636092776	0.23783576760370043	0.7071068867602067
22074	0.4061644859099829	0.29117483041995085	0.3026606836700663
22075	0.06503839274581118	0.5231568780674932	0.41180472918669564
22076	0.32780475588052765	0.46803098733412324	0.2041642567853491
22077	0.04972419804795454	0.35152923249859036	0.5987465694534551
22078	8.675567944465389e-05	0.0034888474768240956	0.9964243968437312
22079	0.04174057132671262	0.19864035913240435	0.759619069540883
22080	0.38860951630988794	0.33542941847297864	0.27596106521713337
22081	0.7512778559759341	0.19948958871932862	0.04923255530473733
22082	0.00746909397951281	0.011724210079755461	0.9808066959407317
22083	0.20089515528336307	0.051157675111257996	0.7479471696053789
22084	0.09659975311199992	0.7695591255586509	0.1338411213293493
22085	0.45331998515433897	0.4895276010969287	0.057152413748732235
22086	0.6964401219254572	0.22436841576570143	0.0791914623088414
22087	0.3002483121786348	0.3442805752371448	0.3554711125842205
22088	0.0353075360485419	0.17817525187676447	0.7865172120746937
22089	0.8598899050319241	0.11631760181536462	0.023792493152711154
22090	0.9111793981455862	0.07324184950540029	0.015578752349013455
22091	0.03704080493921466	0.6294511612207351	0.3335080338400503
22092	0.8500345961099224	0.11289541136092904	0.037069992529148506
22093	0.8744928870582288	0.10283594188967657	0.02267117105209467
22094	0.7230279714291378	0.22567186534122327	0.05130016322963898
22095	0.011901493642651804	0.4141280088062273	0.5739704975511208
22096	0.3829780591651406	0.29264831348030157	0.3243736273545578
22097	0.9393388049389837	0.045919658491845164	0.014741536569171236
22098	0.7432128030854058	0.15531881583764517	0.10146838107694914
22099	0.02087709082963794	0.6567495362188492	0.32237337295151275
22100	0.17210479958672675	0.6560586203557525	0.17183658005752073
22101	0.39019346727776344	0.23958889855426657	0.37021763416797004
22102	0.8709055343277683	0.0968693906044682	0.03222507506776349
22103	0.8810925770179225	0.08952690440616219	0.029380518575915237
22104	0.8258442858108679	0.08300291458265123	0.09115279960648084
22105	0.3234361136499974	0.5453099842457966	0.13125390210420607
22106	0.886284104307966	0.076476954091077	0.03723894160095678
22107	0.02423758189972545	0.6980256415183946	0.2777367765818799
22108	0.5196016395661378	0.14654642826408307	0.3338519321697791
22109	0.0641762423744939	0.3526000252193836	0.5832237324061225
22110	0.0012619977825643247	0.05295033444088869	0.945787667776547
22111	0.011751464637485033	0.0804162523160458	0.9078322830464691
22112	0.04835065624103761	0.4149115516108514	0.536737792148111
22113	0.9725449101978576	0.01358357919177009	0.013871510610372104
22114	0.0013438601512969033	0.8098514822769348	0.18880465757176834
22115	0.44400902688197275	0.4674272766417809	0.08856369647624632
22116	0.06780726986255962	0.4131432343012074	0.5190494958362329
22117	0.3526382309094684	0.38173158449137934	0.2656301845991523
22118	0.0002451417887739362	0.3945080396245116	0.6052468185867144
22119	0.5281486716226345	0.35874399804220997	0.1131073303351556
22120	0.4405861075987086	0.30869874813880716	0.25071514426248426
22121	0.8788877118368059	0.10141136189546646	0.019700926267727608
22122	0.8844145499719855	0.10340553905670516	0.012179910971309278
22123	0.4880649427605028	0.22703670507254584	0.28489835216695136
22124	0.3022686477842526	0.37172349763719637	0.3260078545785511
22125	0.2079450843230281	0.4294518733545117	0.3626030423224603
22126	0.894428649213992	0.06283636432328699	0.04273498646272102
22127	0.012355711392341564	0.542238777221831	0.4454055113858274
22128	1.0264513357339577e-05	0.05494112722177563	0.945048608264867
22129	0.0002744094400709311	0.3124613785488525	0.6872642120110767
22130	0.0034981925442100405	0.1590609671838065	0.8374408402719834
22131	0.03358813886004537	0.1826723846049829	0.7837394765349718
22132	0.05349672648293183	0.11436757983995828	0.8321356936771099
22133	0.5919647792508077	0.3974804377837553	0.01055478296543689
22134	0.9531883811471848	0.016694803290923904	0.030116815561891094
22135	0.0054282102920251134	0.3139590736471719	0.6806127160608031
22136	0.0015481556574996837	0.7173114315582237	0.2811404127842765
22137	0.3980538460756067	0.4737845908808739	0.12816156304351942
22138	0.9999467856510942	4.448602463482273e-05	8.728324270983195e-06
22139	0.2885431648890102	0.09162508556909657	0.6198317495418931
22140	0.8751716699086884	0.04181762439828908	0.08301070569302245
22141	0.273560737111204	0.5556012027179765	0.1708380601708195
22142	0.8552610817712561	0.10253984676334872	0.042199071465395144
22143	0.000630674505471476	0.03870702637777493	0.9606622991167536
22144	0.03610755536821361	0.05389263499350444	0.9099998096382819
22145	0.09800002935492387	0.33409981190833304	0.567900158736743
22146	0.9414920815487433	0.04647018568148897	0.012037732769767742
22147	0.7336918588805174	0.2511946507796907	0.015113490339791855
22148	0.3921355368497384	0.40137404582787356	0.20649041732238804
22149	0.03543864696240266	0.20243490074573656	0.7621264522918607
22150	0.25934438476073485	0.40467595782311067	0.3359796574161545
22151	0.7654351490904302	0.11713047736675038	0.11743437354281928
22152	0.05801564500588466	0.4531501565459791	0.48883419844813625
22153	0.27480409008121465	0.5857724561203584	0.13942345379842702
22154	0.061853651949434346	0.09732547017539389	0.8408208778751718
22155	0.0036812640962098782	0.4607938809797936	0.5355248549239965
22156	0.6296001834373692	0.14340750491005164	0.2269923116525791
22157	0.19154968399423544	0.7173248894838613	0.09112542652190332
22158	0.794413440494878	0.17571871133881176	0.029867848166310256
22159	0.02997645172962826	0.7647321084362203	0.20529143983415146
22160	0.014844135508292416	0.2083393958142782	0.7768164686774295
22161	0.07710175112119952	0.108980266166467	0.8139179827123335
22162	0.6298613607022125	0.18930561661168396	0.18083302268610352
22163	0.15754839214852603	0.7722875009796573	0.07016410687181665
22164	0.002699325780685841	0.39235409215215866	0.6049465820671556
22165	0.4024556712664562	0.2761104821422567	0.3214338465912871
22166	0.36516728539800014	0.34110194580671266	0.29373076879528714
22167	0.5279111848876057	0.4354465429246612	0.036642272187732985
22168	0.6954626907325414	0.27725196831806315	0.027285340949395488
22169	0.4911765595671808	0.27896044427836764	0.2298629961544516
22170	0.00017737883776021594	0.8655558906287822	0.1342667305334577
22171	0.12109826533587459	0.22001141769909485	0.6588903169650306
22172	0.7623715827609827	0.12125660649564882	0.11637181074336854
22173	0.06398704976667746	0.8980506088776145	0.037962341355708064
22174	0.12183719387947743	0.6494043024532062	0.22875850366731634
22175	0.08380067420393754	0.7729632341620437	0.14323609163401876
22176	0.021369399556789057	0.09528982432463917	0.8833407761185718
22177	0.0011103895277305295	0.00976336075542236	0.9891262497168472
22178	0.01805972318348293	0.7246515910891446	0.25728868572737246
22179	0.22245478220129722	0.5271026899037725	0.2504425278949302
22180	0.005300313802537185	0.28506536843911257	0.7096343177583502
22181	0.847084822721386	0.11055800599378801	0.042357171284826085
22182	0.8499929529893306	0.13482972496254744	0.015177322048121968
22183	0.7000236300444775	0.2796373327064889	0.020339037249033482
22184	0.7382134503091284	0.24584248412126725	0.015944065569604267
22185	0.5458203911524556	0.4541786170600612	9.917874832200113e-07
22186	0.010038624515513645	0.142261731244104	0.8476996442403824
22187	0.12089600448889891	0.28552810481602064	0.5935758906950804
22188	0.354176470399098	0.33140486722931567	0.3144186623715863
22189	0.05011046215118609	0.028608923941829963	0.9212806139069841
22190	0.43591822960272625	0.4936698504803459	0.07041191991692797
22191	0.3710362222042055	0.4908276910964492	0.13813608669934527
22192	0.12055373032427365	0.47255476240792044	0.406891507267806
22193	0.7232408296527743	0.13240614289677027	0.14435302745045536
22194	0.7505688184130936	0.20733842855705048	0.04209275302985594
22195	0.4423686756606162	0.1958899770899823	0.36174134724940143
22196	0.7767099456060182	0.11280982156084167	0.11048023283313994
22197	0.47455048951266926	0.204558738030616	0.32089077245671477
22198	0.563602812729607	0.28261384841242365	0.1537833388579693
22199	0.5489665438500776	0.3327530072340604	0.11828044891586194
22200	0.6214293488699625	0.26252653306168	0.11604411806835765
22201	0.8784391903667751	0.0969417207112669	0.024619088921958066
22202	0.9999998220586693	1.7485941709729412e-07	3.0819135643801334e-09
22203	0.04752136663934946	0.1469143910268588	0.8055642423337919
22204	0.7913330370707461	0.12773422302287	0.08093273990638389
22205	0.884213915765005	0.07674849895490919	0.0390375852800858
22206	0.8465391825107669	0.06922991053703137	0.08423090695220178
22207	0.017087331827042057	0.661119676510398	0.32179299166256
22208	0.39714109068049414	0.3532940697194062	0.24956483960009965
22209	0.6879527800322685	0.2748663643547409	0.03718085561299081
22210	0.12917330180978343	0.8284656297633956	0.0423610684268211
22211	0.03342655095917374	0.784624341186256	0.1819491078545702
22212	0.006975915617763264	0.1938549247687488	0.799169159613488
22213	0.9282793540346906	0.03923109085797826	0.03248955510733107
22214	0.8758433047089292	0.09863015736330209	0.025526537927768624
22215	0.05869286930245389	0.5078513284316711	0.433455802265875
22216	0.22283846803966095	0.5305219499624608	0.24663958199787822
22217	0.0025356255287969265	0.21651660870506587	0.7809477657661372
22218	0.0215029142569107	0.3265099561149364	0.651987129628153
22219	0.27252813414954014	0.5326459893638118	0.19482587648664804
22220	0.9668008736092026	0.008909180231662523	0.024289946159134834
22221	0.0005303428832410856	0.9820585970019544	0.017411060114804415
22222	0.46069037094107274	0.3752139982708074	0.16409563078811992
22223	0.7783854746101521	0.1457167684132065	0.07589775697664133
22224	0.12843179478652555	0.5120540522213535	0.359514152992121
22225	0.38361301494677486	0.3699889474934688	0.24639803755975637
22226	0.7684159384909328	0.20188966812457818	0.029694393384488968
22227	0.12867472880315603	0.1914801972080822	0.6798450739887617
22228	0.7305277819894402	0.19173221024136758	0.07774000776919217
22229	0.7654569559116582	0.17268659949004528	0.06185644459829651
22230	0.774069961262459	0.17000179983296382	0.05592823890457732
22231	0.4026573338008169	0.34455159079598163	0.2527910754032014
22232	0.07692104753339497	0.5625632859960268	0.36051566647057814
22233	0.6983523801463242	0.26189604036623193	0.03975157948744388
22234	0.748012976701835	0.22456620582217995	0.027420817475985054
22235	0.8403978615734932	0.14651238799264008	0.01308975043386668
22236	0.7736950691386525	0.09727735994613079	0.12902757091521672
22237	0.00155766004200685	0.13784248073192154	0.8605998592260716
22238	0.003197459158752459	0.7518544171729322	0.24494812366831525
22239	0.1384766606680239	0.6373950425775831	0.22412829675439302
22240	0.07880018097551894	0.885730324205486	0.035469494818994925
22241	0.055485475787459965	0.13266583725693504	0.8118486869556051
22242	0.9604324524654791	0.033907373808502506	0.005660173726018472
22243	0.33555631040993633	0.3925371308390047	0.27190655875105896
22244	0.3914882674054892	0.14333427706926766	0.46517745552524314
22245	0.06896088715778396	0.13558005932880762	0.7954590535134084
22246	0.46613632210133943	0.3486139669258438	0.1852497109728167
22247	0.08003220971096023	0.5250923020494749	0.39487548823956486
22248	0.6788650794746162	0.07971698886588793	0.24141793165949596
22249	0.13222261101159785	0.2530946992205863	0.6146826897678158
22250	0.6914257833554196	0.2754435935689534	0.033130623075626864
22251	0.2958429626516068	0.33887142262460684	0.36528561472378623
