21257	0.35294444111766615	0.5577481360387275	0.08930742284360628
21258	0.0050686040465974525	0.34982644830424814	0.6451049476491544
21259	0.28788155655112957	0.6140391351175309	0.09807930833133943
21260	0.28752082229841663	0.5036170101590007	0.20886216754258263
21261	0.13978949083646475	0.28469258571154676	0.5755179234519885
21262	0.5586462758621809	0.2251579957764635	0.2161957283613555
21263	0.2185505271908269	0.20366537957288383	0.5777840932362893
21264	0.8373231114967358	0.15391154010926225	0.008765348394002037
21265	0.7627328175482323	0.22278004900691598	0.014487133444851615
21266	0.00408498948187003	0.11425872732024973	0.8816562831978801
21267	0.0018469001461399576	0.004645313621680989	0.9935077862321792
21268	0.9991552537292085	0.000767910308849449	7.683596194197359e-05
21269	0.9999102151085129	8.395825547355495e-05	5.826636013705445e-06
21270	0.00018616161095849122	0.27525481087345477	0.7245590275155867
21271	0.001873079071266404	0.3258144609157583	0.6723124600129753
21272	0.6075409401934366	0.3422342550384973	0.0502248047680661
21273	0.004409874748623893	0.9802616963175959	0.015328428933780254
21274	0.8769290396346452	0.09392697171413837	0.029143988651216444
21275	0.22770543907630109	0.5305097415917522	0.24178481933194676
21276	0.30444659536456653	0.36467009896478203	0.3308833056706515
21277	0.06644690463459932	0.3965399021007367	0.537013193264664
21278	0.6899905615567248	0.23185957851630043	0.07814985992697486
21279	0.7309626456546301	0.16282629493056025	0.10621105941480963
21280	0.09123783893590091	0.5836170774261367	0.3251450836379624
21281	0.5049927369045448	0.36215008839413093	0.1328571747013241
21282	0.03397520742254611	0.10591940443630944	0.8601053881411445
21283	0.40024461376724296	0.2233252623721919	0.376430123860565
21284	0.014072223777737846	0.17592606297793062	0.8100017132443317
21285	0.008063789700264912	0.8589559237931521	0.13298028650658292
21286	0.10242043499026073	0.8277671608608254	0.06981240414891379
21287	0.658973951038021	0.30756523453242024	0.03346081442955874
21288	0.1589394149005408	0.35611775612773566	0.4849428289717235
21289	0.5666359936520494	0.33537086860366394	0.09799313774428656
21290	0.5996500262245544	0.31661506875996975	0.08373490501547586
21291	0.43759038859530547	0.452996286253058	0.1094133251516365
21292	0.07323249899656184	0.29460100710882065	0.6321664938946177
21293	0.3841732781087827	0.30483359928615916	0.31099312260505807
21294	0.16322620720001274	0.34468088164506466	0.4920929111549226
21295	0.0869832082197666	0.5287689225457894	0.384247869234444
21296	0.4221355609157233	0.4002627521675446	0.17760168691673212
21297	0.08584455293466184	0.3362098964683951	0.577945550596943
21298	0.06958092581157325	0.6122207480118729	0.3181983261765538
21299	0.5319064804961661	0.29268479399179753	0.1754087255120364
21300	0.31096792174637033	0.5898364995703438	0.09919557868328592
21301	0.0004440681036905911	0.24017118951297012	0.7593847423833392
21302	0.0002524866530887563	0.2429937955082835	0.7567537178386275
21303	0.2957957923603216	0.6852329149215765	0.01897129271810192
21304	0.2537954949607522	0.34483296142162234	0.40137154361762556
21305	0.031151702735617817	0.3152394088111211	0.6536088884532609
21306	0.0021138996368348577	0.26839718878939417	0.7294889115737709
21307	0.6563524976766967	0.2168613690774278	0.12678613324587548
21308	0.9999952290794383	2.702346531635161e-06	2.068574030107703e-06
21309	0.11125950340154919	0.7233990202001879	0.16534147639826297
21310	0.46394216912180763	0.17775969368730218	0.35829813719089026
21311	0.9091903697290221	0.07237936370813038	0.018430266562847377
21312	0.09831826586117343	0.1362729483520334	0.7654087857867931
21313	0.0007209808864602652	0.806817511245339	0.19246150786820085
21314	0.20431130712771786	0.11580382409011859	0.6798848687821636
21315	0.1658649675721352	0.2771905323950665	0.5569445000327983
21316	0.46347784976020834	0.16747256982911887	0.3690495804106729
21317	0.907488093430025	0.05288062769062969	0.039631278879345144
21318	0.22502655698033006	0.02776859515285793	0.7472048478668121
21319	0.15987932705511063	0.5752407498245772	0.2648799231203122
21320	0.05258526816666201	0.4133073593643456	0.5341073724689924
21321	0.3515994053376264	0.26799698109752845	0.3804036135648452
21322	0.812602491836636	0.10694317713598159	0.08045433102738254
21323	0.012364184972147559	0.9023710856195324	0.08526472940832
21324	0.25090373364416474	0.3193499680757862	0.429746298280049
21325	0.32964433518044434	0.48447743153391226	0.18587823328564335
21326	0.019670213380488275	0.7974424124881234	0.18288737413138828
21327	0.24804869433891308	0.5802485094646624	0.17170279619642445
21328	0.23587899419011538	0.28642268530588744	0.47769832050399724
21329	0.004120312183911127	0.13997068202320828	0.8559090057928805
21330	0.6310524135011313	0.24543358512213628	0.12351400137673244
21331	0.2575368628402836	0.4227547214849878	0.3197084156747287
21332	0.4005022011596929	0.2626109184863483	0.33688688035395886
21333	0.017544585623446938	0.10202136945779064	0.8804340449187623
21334	0.859933443128637	0.08993701027543047	0.05012954659593266
21335	0.7873809578367711	0.12981021837082288	0.08280882379240598
21336	0.0020466940896359215	0.7211547211301187	0.2767985847802454
21337	0.7972591585131762	0.07144466183536329	0.13129617965146062
21338	0.03729900711838755	0.2533619479945312	0.7093390448870812
21339	0.00028734257049639264	0.0894382701995943	0.9102743872299093
21340	0.0029314757938267116	0.15542131749330712	0.8416472067128661
21341	0.1009190189535237	0.7696160597799682	0.1294649212665081
21342	0.27828741518400657	0.42154054358861043	0.30017204122738295
21343	0.021797977827851894	0.02836495436704578	0.9498370678051024
21344	0.01144538188483797	0.40955727889089283	0.5789973392242692
21345	0.22589876963977615	0.5035495245634382	0.2705517057967857
21346	0.5599744636801726	0.30135661254013413	0.13866892377969328
21347	0.027811554795477762	0.4304646529931712	0.5417237922113509
21348	0.6538613886850967	0.27939802831904703	0.06674058299585635
21349	0.09555340282726399	0.8272902385861989	0.07715635858653706
21350	0.6396981718774566	0.321666875391761	0.038634952730782345
21351	0.19268963521950735	0.7507451909345626	0.05656517384593008
21352	0.6884904280849394	0.2960825468514014	0.015427025063659082
21353	0.9950314288220239	0.004680327648740703	0.00028824352923547607
21354	0.0011752661946874878	0.6776328099460973	0.32119192385921524
21355	0.10552159806678174	0.45504271147175124	0.43943569046146697
21356	0.4618838991709329	0.3548446173805222	0.1832714834485449
21357	0.5957301412470851	0.31355193165154105	0.090717927101374
21358	0.200120316109753	0.5591161827709257	0.2407635011193214
21359	0.312311851385446	0.45784175130218957	0.2298463973123646
21360	0.0019821807635609355	0.11876138649332384	0.8792564327431154
21361	0.7552849606047245	0.16265025273495204	0.08206478666032342
21362	0.11096561043227726	0.1597079169663676	0.7293264726013552
21363	0.6789677788901212	0.2036662378350584	0.11736598327482035
21364	0.8263752447646925	0.14840884388764516	0.025215911347662375
21365	0.1484853780339494	0.6762401294174158	0.17527449254863467
21366	0.019139206977453256	0.7368478915537927	0.2440129014687541
21367	0.0037665054464533568	0.4227329742616242	0.5735005202919226
21368	0.12652045668005743	0.038595727609765394	0.8348838157101771
21369	0.011770777500007283	0.021502466367855574	0.9667267561321371
21370	0.5620023216629814	0.3131504881423774	0.12484719019464134
21371	0.40415115935893303	0.3812469071357599	0.21460193350530712
21372	0.003665970280957579	0.692693944564139	0.3036400851549034
21373	0.053249032423416706	0.6288443732070554	0.3179065943695279
21374	0.25285399090732064	0.5069976206196375	0.24014838847304196
21375	0.8385957900664205	0.10430213404571323	0.0571020758878663
21376	0.9358505370027823	0.032885212555240344	0.031264250441977254
21377	0.947361893209528	0.028787190777091444	0.023850916013380418
21378	0.3277508498960517	0.36467118009424077	0.3075779700097075
21379	0.8813953396903136	0.056833076341298035	0.061771583968388215
21380	0.965651507050166	0.028400539159336012	0.0059479537904979255
21381	0.23802383913101358	0.12350214377877566	0.6384740170902108
21382	0.3837558624963187	0.23306680865349472	0.38317732885018646
21383	0.3592812731818105	0.537805345551347	0.10291338126684252
21384	0.24734645041259667	0.46850681148191986	0.28414673810548347
21385	0.12434833695314612	0.43947525115729463	0.43617641188955913
21386	0.4702321110702836	0.48640090424761856	0.04336698468209772
21387	0.20702301943196263	0.6227054800759811	0.17027150049205628
21388	0.38497753437376375	0.3831160848564573	0.23190638076977896
21389	0.8687630865785507	0.09171955455420358	0.03951735886724562
21390	0.03562766937681697	0.4858074756387184	0.47856485498446455
21391	0.021903663411024538	0.5352260485242418	0.44287028806473366
21392	0.7441557165455784	0.12170191545514844	0.1341423679992732
21393	0.720581162558011	0.0187912040582118	0.26062763338377726
21394	0.9638112346897515	0.00433129731781179	0.031857467992436744
21395	0.5809404036189574	0.20586138429951073	0.2131982120815319
21396	0.21734698798225302	0.6734497796189582	0.10920323239878875
21397	0.040641323662698396	0.6257544259638423	0.3336042503734593
21398	0.17583056454111962	0.667452770115778	0.15671666534310233
21399	0.36942504366526013	0.33092236387740886	0.29965259245733095
21400	0.014230952095485297	0.6543858409711693	0.33138320693334533
21401	0.19042691513972124	0.6602781848069196	0.14929490005335933
21402	0.42806441669342055	0.2463421205020207	0.32559346280455864
21403	0.003088205768218291	0.328949474166147	0.6679623200656348
21404	0.15927506329945296	0.42088787327102284	0.4198370634295242
21405	0.17970822422003718	0.13735577585144187	0.6829359999285209
21406	0.7230754459670452	0.06605167558831983	0.210872878444635
21407	0.226172051849723	0.3802398927500847	0.39358805540019226
21408	0.7195809810530103	0.24788118429738326	0.03253783464960651
21409	0.8058028181577452	0.18161241076166895	0.012584771080585816
21410	0.765376450534379	0.21801583759955662	0.016607711866064304
21411	0.41145534970559233	0.4803104317256658	0.10823421856874191
21412	0.5682932662868299	0.3474775482032185	0.08422918550995162
21413	0.9179993175472848	0.05087799771425431	0.031122684738460894
21414	0.14047114234773042	0.7383657110336889	0.12116314661858067
21415	0.514862089542681	0.46212775962921765	0.02301015082810146
21416	0.0016771838166099264	0.08085774102291662	0.9174650751604735
21417	0.980929467593798	0.017109211678938023	0.0019613207272642153
21418	0.9392362872522256	0.053658298639151336	0.0071054141086229795
21419	0.7189296888663963	0.21845200222190395	0.06261830891169971
21420	0.999999999999269	6.605527875329605e-13	7.034131874752217e-14
21421	0.30185907067039813	0.6086860191702366	0.08945491015936523
21422	0.8859680868315752	0.061307456030875625	0.052724457137548995
21423	0.583965918151732	0.3382672980491338	0.07776678379913414
21424	0.5355000135732342	0.3440042068939312	0.12049577953283468
21425	0.38265621891855445	0.1272572557879051	0.4900865252935405
21426	0.12941541116190314	0.25095092130517016	0.6196336675329268
21427	0.5908730583518119	0.232622945087245	0.17650399656094304
21428	0.006005735767150059	0.16020392070965958	0.8337903435231905
21429	0.03195595080908824	0.8256760124119246	0.1423680367789872
21430	0.13304263638852137	0.3990445422643306	0.467912821347148
21431	0.166891818121046	0.17110735867942534	0.6620008231995287
21432	0.8492004564107721	0.11252877897817905	0.03827076461104865
21433	0.014404934093627428	0.5561961775482016	0.42939888835817097
21434	0.07885202739760495	0.44688320828795286	0.4742647643144422
21435	0.10503841551662732	0.3088723298351122	0.5860892546482604
21436	0.4762466872444001	0.27520836325102394	0.2485449495045759
21437	0.25233378231950737	0.5775174366021417	0.17014878107835077
21438	0.7413150440579861	0.13914830613911333	0.11953664980290056
21439	0.3321892652946563	0.5287560931135389	0.1390546415918048
21440	0.013745511084196438	0.054699682333818306	0.9315548065819854
21441	0.061001231990741166	0.3944186119641104	0.5445801560451484
21442	0.38522724653668766	0.3149958509738116	0.2997769024895008
21443	0.759627173628905	0.24037279576487572	3.0606219313114097e-08
21444	0.9943879707004043	0.0033373822754161177	0.0022746470241795107
21445	0.6460805311581482	0.2632849835696028	0.09063448527224904
21446	0.17118002782281427	0.6310186068289534	0.19780136534823223
21447	0.758473110237618	0.1579732962580054	0.0835535935043766
21448	0.8576970768051113	0.08999773851779096	0.052305184677097695
21449	0.7321825728039116	0.16975665291537517	0.09806077428071319
21450	0.671644788567412	0.18517864560631808	0.14317656582626992
21451	0.013524951320663793	0.45626244516293524	0.5302126035164009
21452	0.4030199074077521	0.5187172471571995	0.07826284543504838
21453	0.8589024323296008	0.1270959884626888	0.014001579207710245
21454	0.05923723670895202	0.33184238274681427	0.6089203805442337
21455	0.48043457735371975	0.14483078382756892	0.3747346388187114
21456	0.01828251135371405	0.6130429694962298	0.36867451915005606
21457	0.0063733487789051696	0.975082958956802	0.0185436922642929
21458	0.0033530475654202654	0.011514760655195334	0.9851321917793845
21459	0.015392542136543048	0.9301216608469433	0.05448579701651381
21460	0.20910606893480468	0.7354461283753889	0.05544780268980639
21461	0.1959516776081639	0.2880978561991037	0.5159504661927324
21462	0.8807830396558525	0.1071654227500057	0.012051537594141746
21463	0.07406422106286789	0.8820494090597548	0.04388636987737738
21464	0.6428205909527356	0.13632561692862027	0.22085379211864406
21465	0.9519913673296824	0.03591093501177239	0.012097697658545384
21466	0.6430084618198146	0.3087312119208891	0.04826032625929618
21467	0.0007904007979312879	0.034482572645813024	0.9647270265562558
21468	0.023686331443369534	0.2154885383214351	0.7608251302351953
21469	0.0002770226563836952	0.5851629416034756	0.4145600357401407
21470	0.35077325970891476	0.439678118609622	0.20954862168146324
21471	0.4586226026810336	0.35922462373076075	0.18215277358820559
21472	0.2890939942916896	0.6374798929664217	0.07342611274188868
21473	0.0513943550260306	0.23205545500276917	0.7165501899712002
21474	0.4301459898969609	0.3472273695180278	0.22262664058501136
21475	0.15026484031610735	0.3686643360298187	0.48107082365407405
21476	0.24819955212736822	0.3115261139844295	0.44027433388820236
21477	0.0008969475021208395	0.131400837774961	0.8677022147229182
21478	0.11211989675818514	0.4087318846268347	0.4791482186149803
21479	0.03557075863723198	0.20166366192509788	0.7627655794376701
21480	0.35574520396572074	0.360893761198189	0.28336103483609026
21481	0.2668148654023076	0.4609274728687659	0.27225766172892657
21482	0.8516671081365801	0.08503051126559634	0.06330238059782353
21483	0.6493505877253941	0.13275033803004516	0.21789907424456081
21484	0.12054666778313386	0.41534624898142625	0.4641070832354398
21485	0.08803266041156374	0.3376956139369308	0.5742717256515055
21486	4.671604941203573e-05	0.044045109282552244	0.9559081746680358
21487	0.0004931811466702264	0.07981979257388949	0.9196870262794402
21488	0.9456003716057295	0.04543874173499412	0.008960886659276362
21489	0.934885067416374	0.05008828504748882	0.015026647536137151
21490	0.01010265285868718	0.15271622327255577	0.837181123868757
21491	0.6087458543967125	0.27366051638704614	0.11759362921624127
21492	0.9031634017585412	0.08042587931317	0.01641071892828882
21493	0.38979232158210636	0.3294038824552544	0.2808037959626392
21494	0.6999005643318157	0.11153135782120509	0.18856807784697907
21495	0.29411774762842086	0.5297411529828652	0.17614109938871406
21496	0.07118740603024445	0.5942726527840465	0.33453994118570907
21497	0.01574647189787535	0.7708598168145613	0.2133937112875633
21498	0.7035677992853995	0.18637008858137277	0.11006211213322778
21499	0.29539277787652507	0.4384105696693885	0.26619665245408647
21500	0.9570607187973023	0.03273036897318226	0.010208912229515442
21501	0.3343151171973032	0.5002018591231411	0.16548302367955575
21502	0.061873235399368856	0.6701400563920393	0.2679867082085918
21503	0.3728006093981501	0.4776911917949405	0.1495081988069095
21504	0.8656805899609585	0.12675208830632648	0.007567321732714952
21505	0.2827717643865454	0.6276898321509695	0.08953840346248514
21506	0.18469330735870013	0.5215314462108426	0.2937752464304573
21507	0.22724716219733515	0.20139638894309989	0.571356448859565
21508	0.10801210045996032	0.7462318921223287	0.14575600741771105
21509	0.2074354726164086	0.6924963032632185	0.10006822412037282
21510	0.20795196146991834	0.19252004317713262	0.599527995352949
21511	0.12176713248612522	0.38156256905554253	0.49667029845833227
21512	0.16430217611489872	0.4615836670005597	0.3741141568845417
21513	0.049267796071057426	0.06580260440382749	0.8849295995251151
21514	0.3479128187984077	0.080229639152825	0.5718575420487673
21515	0.12012094873203677	0.8283043884149432	0.05157466285302
21516	0.07342137133648444	0.10575125256908419	0.8208273760944315
21517	0.26835018918924086	0.23854270823633558	0.4931071025744235
21518	0.010087216181678686	0.23574583847011912	0.7541669453482023
21519	0.32498113973863124	0.4603973028072831	0.21462155745408554
21520	0.2863931401599795	0.30208980626279164	0.41151705357722884
21521	0.02240246699507674	0.7521048932394645	0.22549263976545886
21522	0.02806580171150394	0.7092805369880203	0.26265366130047585
21523	0.9105389745691792	0.054619470889088244	0.03484155454173268
21524	0.2037582041513043	0.34833715434339885	0.44790464150529685
21525	0.7286119429597369	0.13329647345017945	0.13809158359008375
21526	0.7246886228313337	0.17129124134570783	0.10402013582295858
21527	0.0038414504430200076	0.987025431293381	0.00913311826359893
21528	0.28382822933034657	0.49931086823269355	0.21686090243695982
21529	0.6710781081462646	0.2860770448631452	0.042844846990590234
21530	0.861286542836485	0.1385272751504096	0.00018618201310545136
21531	0.37013941279127127	0.539826326792153	0.09003426041657578
21532	0.0058859556047672614	0.30045136667836553	0.6936626777168672
21533	0.33335412005753456	0.3666731376182931	0.2999727423241723
21534	0.10795297706879947	0.35953313119499025	0.5325138917362102
21535	0.43653996921479654	0.23320733244396435	0.3302526983412391
21536	0.4083079281161891	0.39389365658075404	0.19779841530305692
21537	0.01604231185631881	0.8156442525765174	0.16831343556716374
21538	0.026630513360773867	0.8040441293651821	0.1693253572740441
21539	0.9439503104304139	0.034290674087498585	0.02175901548208744
21540	0.3268102454986822	0.4435718981915601	0.22961785630975778
21541	0.36345848545178017	0.5609377813844012	0.07560373316381855
21542	0.19597913282303914	0.05198748599839594	0.752033381178565
21543	0.8646617613588649	0.04791319462270006	0.08742504401843493
21544	0.25146380647666583	0.23001841842734042	0.5185177750959938
21545	0.3283789395633631	0.43265100759970704	0.23897005283692982
21546	0.3993208740689163	0.4402425245525	0.1604366013785837
21547	0.9952006235239533	0.002089895963284586	0.002709480512762183
21548	0.07619586149621736	0.7527397517219023	0.17106438678188035
21549	1.0	1.0521708144729062e-30	2.477719220004218e-32
21550	0.10203556449279787	0.659214109176563	0.23875032633063917
21551	0.7597406709092037	0.17775710617559717	0.06250222291519919
21552	0.8635087349591538	0.11938769168864842	0.017103573352197646
21553	0.08904155329917894	0.6506701879927697	0.2602882587080514
21554	0.19409267916684494	0.2038520748958242	0.602055245937331
21555	0.060200791893832775	0.021887109985448957	0.9179120981207183
21556	0.6907359069078567	0.048173350936153374	0.26109074215598993
21557	0.04856206993024536	0.5968072005666213	0.35463072950313335
21558	0.26426192099498885	0.5594320110008478	0.17630606800416335
21559	9.360521581624855e-05	0.036669314255082394	0.9632370805291013
21560	0.2567733207650123	0.6616243883630203	0.08160229087196735
21561	0.37180217981196356	0.5524809565320588	0.0757168636559777
21562	0.3895278172784598	0.5135587608006776	0.09691342192086251
21563	0.0006309163292006504	0.4877498629537936	0.5116192207170057
21564	0.9991681450833584	0.000702830730961957	0.00012902418567949672
21565	0.07396995700057962	0.6845549107569228	0.24147513224249756
21566	0.28276557461738333	0.6222099851632806	0.09502444021933595
21567	0.4139762393512228	0.44620947881630707	0.13981428183247008
21568	0.45790119289824327	0.4929014900205315	0.04919731708122533
21569	0.33744991060031104	0.5811596425527912	0.0813904468468977
21570	0.1989784192057997	0.6353889201529446	0.16563266064125579
21571	0.09778775332244345	0.6898395091715805	0.21237273750597607
21572	0.49682944127225726	0.42017393987662627	0.08299661885111637
21573	0.7555889156205422	0.12160892309386233	0.12280216128559558
21574	0.3947355186015765	0.40987028412635707	0.19539419727206653
21575	0.05381275495146931	0.7714122426787	0.1747750023698306
21576	0.20642406043687456	0.5717311323701341	0.22184480719299143
21577	0.8053642770496205	0.129806856327539	0.06482886662284054
21578	0.0032698080325270326	0.2852463073261244	0.7114838846413487
21579	0.0004020362198558803	0.5979256461983371	0.40167231758180705
21580	0.004116265948049424	0.6804227257562674	0.31546100829568324
21581	0.4395794147146521	0.23947501392604534	0.3209455713593025
21582	0.8743090475626816	0.07077044511128532	0.05492050732603303
21583	0.0009809152407256414	0.13489459632972342	0.864124488429551
21584	0.8600356244881899	0.09940139192587709	0.04056298358593298
21585	0.05437314684886796	0.1214913910386675	0.8241354621124644
21586	0.0806235451889538	0.2704386210047292	0.6489378338063169
21587	0.17154586571242725	0.6929076037219242	0.13554653056564867
21588	0.05121249183804371	0.9324556146256738	0.01633189353628243
21589	0.9046024787039928	0.07581875390606634	0.019578767389941024
21590	0.6049246407422494	0.25590360683417973	0.1391717524235709
21591	0.017204932172920316	0.9191234141543115	0.06367165367276806
21592	0.5001692257065519	0.25955927369917375	0.2402715005942745
21593	0.3542081174742662	0.34342424746553607	0.3023676350601978
21594	0.19034142516072503	0.2210816227166143	0.5885769521226607
21595	0.9987256453538603	0.0011054519135606318	0.00016890273257908568
21596	0.8291118427264097	0.10075042485909759	0.0701377324144928
21597	0.06427946234220473	0.5013843324488064	0.43433620520898886
21598	0.7877587378940063	0.1628446053951219	0.04939665671087179
21599	0.2274478520639496	0.6335749115930882	0.1389772363429623
21600	0.16853393607671857	0.380640166998264	0.45082589692501746
21601	0.0018848686348709477	0.017366698337118555	0.9807484330280104
21602	0.06928491564343375	0.12710792919858288	0.8036071551579835
21603	0.9864583214728855	0.01230722791807217	0.0012344506090424007
21604	0.8922973421157135	0.09505066455329186	0.012651993330994413
21605	0.8082576389970836	0.145391964462724	0.046350396540192317
21606	0.000854883498438888	0.014435944409687616	0.9847091720918735
21607	0.010942420365188223	0.022071328992940894	0.9669862506418709
21608	0.15985355035893012	0.18180285984678862	0.6583435897942813
21609	0.8934017357196389	0.08456637365091335	0.022031890629447784
21610	0.757752034694019	0.21538707840595495	0.026860886900025967
21611	0.8009658244647717	0.16480914140703654	0.03422503412819174
21612	0.9780574668202565	0.014509186855639069	0.0074333463241042785
21613	0.008846591869506227	0.2665025300583055	0.7246508780721882
21614	0.0826704339470203	0.28540395204255026	0.6319256140104295
21615	0.8910350972492753	0.09575677186599535	0.013208130884729306
21616	0.516568654165746	0.4055456822824695	0.07788566355178453
21617	0.6875157776795499	0.214527303879915	0.09795691844053524
21618	0.05813540069040242	0.16798342116413897	0.7738811781454586
21619	0.39748384200153186	0.25637663337413646	0.3461395246243316
21620	0.5821111446916593	0.13581167000334166	0.2820771853049991
21621	0.9419992559270709	0.024468619913141823	0.03353212415978721
21622	0.34056315032281337	0.583098076471064	0.07633877320612262
21623	0.7964450809767394	0.09945093576027866	0.10410398326298195
21624	0.49539140346927313	0.3351163725334894	0.16949222399723762
21625	0.7168510812007547	0.17839885594486915	0.1047500628543762
21626	0.8426503361937964	0.06362135832758624	0.09372830547861745
21627	0.0024662196982555107	0.7324794235367024	0.26505435676504213
21628	0.06707656874134733	0.4415295943758688	0.4913938368827839
21629	0.07734057854495902	0.7593744931383618	0.16328492831667915
21630	0.0004296343150014314	0.06485403805882017	0.9347163276261783
21631	0.03946850941599478	0.7883537444311421	0.1721777461528631
21632	0.0005770805936754491	0.03560485554294153	0.9638180638633831
21633	0.14873421784515853	0.2870546381122627	0.5642111440425789
21634	0.5978323157390646	0.19658925227717983	0.2055784319837556
21635	0.2489599789087881	0.6346259425466633	0.11641407854454866
21636	0.28474036668719455	0.40568540123257807	0.30957423208022733
21637	0.4071996501543641	0.34067020736228776	0.2521301424833482
21638	0.9977480376749112	0.0017057756075199405	0.0005461867175689076
21639	0.014064233697138181	0.6891238417019129	0.296811924600949
21640	0.17901120877249746	0.5485544886353034	0.2724343025921991
21641	0.17644374474154673	0.745451360795457	0.0781048944629962
21642	0.3245928898548344	0.4038127155848732	0.27159439456029244
21643	0.23834525828253897	0.3192497301541878	0.4424050115632734
21644	0.6950413572341402	0.18386502731610413	0.12109361544975578
21645	0.06613601354433334	0.19085894869237974	0.743005037763287
21646	0.0694369353641278	0.3015880727675209	0.6289749918683514
21647	0.13179956066811715	0.7934163258037159	0.07478411352816686
21648	0.6059244819296719	0.3622709489349547	0.03180456913537349
21649	0.13190104751491796	0.5097669049198484	0.3583320475652337
21650	0.0768601512662481	0.41763741435979324	0.5055024343739586
21651	0.3951837902619895	0.3681563149645899	0.23665989477342067
21652	0.14099714441188757	0.6866181524762809	0.1723847031118316
21653	0.03498563654911564	0.4658963603850508	0.49911800306583354
21654	0.049320445922765764	0.5128868414212827	0.4377927126559515
21655	0.254038605961339	0.5961580713988788	0.14980332263978227
21656	0.7672007629124714	0.19831735686860777	0.03448188021892081
21657	0.03849183509322978	0.09855600197603027	0.8629521629307402
21658	0.2901057422014995	0.1251193574500155	0.5847749003484851
21659	0.2665074738439476	0.5437647545820461	0.18972777157400642
21660	0.0060953228108380575	0.21251840737903904	0.7813862698101228
21661	0.42105674210498006	0.4077884642904705	0.17115479360454933
21662	0.835720659816483	0.13605448857355748	0.028224851609959675
21663	0.0920864155393298	0.9056556405472588	0.0022579439134113376
21664	0.08145768477634979	0.6674340138802501	0.2511083013434001
21665	0.07774480972070778	0.6691864051985811	0.2530687850807112
21666	0.3189162371688622	0.6761658739813554	0.004917888849782424
21667	0.059764997578431754	0.28300324200371774	0.6572317604178505
21668	0.09979570690832283	0.4390991930678695	0.46110510002380756
21669	0.04250942429167225	0.5135257253972955	0.4439648503110322
21670	0.2883969344678782	0.45288944633498196	0.25871361919713987
21671	0.015196121548206829	0.4785440357764017	0.5062598426753914
21672	0.1872404543585157	0.36563618006498755	0.4471233655764967
21673	0.056915161022895226	0.3568048359487444	0.5862800030283604
21674	0.06481681943823908	0.7053390296177933	0.2298441509439676
21675	0.05413763762573759	0.8859674191660374	0.05989494320822511
21676	0.0022715470828101048	0.630433671189782	0.36729478172740804
21677	0.012116463206294854	0.8928115628975865	0.09507197389611878
21678	0.015205324203184841	0.1489357103891727	0.8358589654076425
21679	0.015010607081669979	0.525608480463612	0.459380912454718
21680	0.42906737408680207	0.49328108577802565	0.07765154013517216
21681	0.0987254321611657	0.5542621589153753	0.3470124089234589
21682	0.17564500878632983	0.3406215351174102	0.48373345609626
21683	0.32355905106985083	0.5802513224368785	0.09618962649327077
21684	0.3901131662233435	0.20145093263629438	0.40843590114036216
21685	0.008639201225018184	0.5788745382016361	0.4124862605733457
21686	0.04181764954075758	0.46303364184012513	0.4951487086191173
21687	0.1757907247699508	0.5341576288407116	0.2900516463893376
21688	0.30780076249247473	0.20687062958641486	0.4853286079211104
21689	0.8432664019786876	0.09086266575684407	0.0658709322644682
21690	0.2543680758548712	0.6772825880717853	0.06834933607334344
21691	0.9888814894663521	0.006761011517613956	0.004357499016033877
21692	0.3741930547223231	0.37408114587701635	0.2517257994006605
21693	0.9346339526134322	0.02175818917038907	0.043607858216178644
21694	0.9940337463759401	0.004758206616859768	0.0012080470072002476
21695	0.02656887107338647	0.2754791274347665	0.697952001491847
21696	0.19554548474125347	0.44395030638294936	0.3605042088757971
21697	0.7921391047300332	0.10653278423673264	0.10132811103323414
21698	3.466937167367315e-05	0.17627252972627025	0.823692800902056
21699	0.00021162816515084287	0.29672197445210724	0.7030663973827418
21700	0.7888043399356406	0.13063279281424692	0.08056286725011251
21701	0.7014171916985426	0.2937323707052707	0.004850437596186841
21702	0.10490602866994819	0.6939394172572652	0.2011545540727867
21703	0.09264722994941528	0.6997661892722034	0.20758658077838124
21704	0.6652832557737929	0.2478579817134381	0.0868587625127692
21705	0.0256508373864231	0.32619880990460626	0.6481503527089707
21706	0.24295899835675827	0.567583743161842	0.18945725848139972
21707	0.8206730283761293	0.09769844711930573	0.08162852450456504
21708	0.8869650359629155	0.04967612926138497	0.06335883477569942
21709	0.7703391018366589	0.10418486300214123	0.1254760351611999
21710	0.9052853075767991	0.05391178997718925	0.04080290244601173
21711	0.7653874894491739	0.17326895872881523	0.06134355182201101
21712	0.737289564460297	0.10695934787859067	0.1557510876611122
21713	0.3195029278562685	0.23928548482151177	0.44121158732221977
21714	0.10668394105525404	0.46926983614812334	0.4240462227966227
21715	0.15654924452113014	0.5554677462604265	0.28798300921844333
21716	0.16180114859611944	0.3536727873243774	0.4845260640795031
21717	0.8876597015474891	0.055846830204985654	0.05649346824752529
21718	0.929891014393342	0.05135204483046852	0.01875694077618937
21719	0.00032436782108572935	0.09097140752855677	0.9087042246503576
21720	0.424482671758208	0.449504297995914	0.1260130302458779
21721	0.5067613871529243	0.40231118802136606	0.09092742482570962
21722	0.7770776717622802	0.12429916474126253	0.09862316349645732
21723	0.6474381737161085	0.2046168395665137	0.1479449867173778
21724	0.6789748002802237	0.15887204319030385	0.1621531565294725
21725	0.2267819116031839	0.0758994187593982	0.6973186696374178
21726	0.8696462050237849	0.06031161003921003	0.070042184937005
21727	0.625905520434495	0.11675389841791396	0.257340581147591
21728	0.8331871583780441	0.10549462979330662	0.06131821182864945
21729	0.18754560385517724	0.645516982002393	0.1669374141424297
21730	0.2940915520723518	0.11289959230858067	0.5930088556190676
21731	0.8948634542485305	0.05561318532656182	0.04952336042490755
21732	0.0225510226723393	0.4659468596836969	0.5115021176439637
21733	0.2569149161698631	0.307764319901605	0.4353207639285318
21734	0.4522360496640934	0.4116902441435811	0.13607370619232564
21735	0.47290865080640404	0.3116517224694974	0.21543962672409858
21736	0.015107611939752639	0.025682304535093944	0.9592100835251535
21737	0.0013435556523834916	0.06123890322874679	0.9374175411188697
21738	0.21179903464947855	0.74580655381674	0.04239441153378134
21739	0.8528336834031499	0.046557875349420894	0.10060844124742913
21740	0.36520540133323665	0.14002394873308094	0.4947706499336824
21741	0.9459504509612514	0.026451928677451275	0.027597620361297436
21742	0.8993164094735487	0.08892465235655378	0.011758938169897325
21743	0.03240891858887987	0.8164261993738938	0.15116488203722633
21744	0.02088354600428871	0.13708484246902367	0.8420316115266876
21745	0.42053889758374075	0.38357579899828376	0.1958853034179756
21746	0.786324973614797	0.17476479832596353	0.03891022805923948
21747	0.9999999999991087	2.180450172005749e-13	6.73279082612552e-13
21748	0.26361488875413097	0.371372576306398	0.3650125349394711
21749	0.7660088319389478	0.1944039517238416	0.039587216337210636
21750	0.9757725968869323	0.017962942843306885	0.0062644602697609336
21751	0.40917431211021627	0.44197873167359686	0.14884695621618682
21752	0.35739917532576737	0.5492101614409659	0.09339066323326671
21753	0.027616728955974938	0.634317579544073	0.3380656914999521
21754	0.7781704387327009	0.15918627564588955	0.06264328562140942
21755	0.9336717942958679	0.05060726903985309	0.015720936664278966
21756	0.8690479107478934	0.09964316701968351	0.03130892223242313
21757	0.8971210090272204	0.06090364701458587	0.04197534395819376
21758	0.07943630625692176	0.3284606605189562	0.5921030332241219
21759	0.1999651315776543	0.2822125325091768	0.5178223359131688
21760	0.0016605103146418347	0.606231991138104	0.3921074985472541
21761	0.02435678513729784	0.5592348182076428	0.4164083966550594
21762	0.45496877511007305	0.3714529397095747	0.17357828518035234
21763	0.1719335995027876	0.1584087848339775	0.6696576156632349
21764	0.7732719167648574	0.14777343145681612	0.07895465177832646
21765	0.3499618239483484	0.5205099031698517	0.12952827288179988
21766	0.5456848595924393	0.36565854566668426	0.08865659474087648
21767	0.8417696046660018	0.12137036320304083	0.03686003213095721
21768	0.043261352352991445	0.4378955019931239	0.5188431456538848
21769	0.298535644050241	0.364343038111303	0.337121317838456
21770	0.04809178662209587	0.5709281194294775	0.3809800939484266
21771	0.12387985157949484	0.7876094205932126	0.08851072782729247
21772	0.030558951686971803	0.35358187574752814	0.6158591725655002
21773	0.007894133634873462	0.40800948300556805	0.5840963833595584
21774	0.2941074870457843	0.6522338810230338	0.05365863193118192
21775	0.8787478419265391	0.10918348719336193	0.012068670880099056
21776	0.712009450779567	0.21692844994666496	0.07106209927376793
21777	0.5346002839878868	0.29688292475999456	0.16851679125211852
21778	0.04801197403482422	0.6667600265170233	0.2852279994481526
21779	0.49126781088218135	0.32000265252399407	0.18872953659382452
21780	0.2850347942051375	0.38200722225001377	0.33295798354484885
21781	0.012099753436673822	0.6900935087962802	0.297806737767046
21782	0.06960097578978156	0.15733517976029004	0.7730638444499285
21783	0.5821503810393541	0.41691337001643297	0.0009362489442128371
21784	0.3150159793978406	0.3834766742597331	0.3015073463424263
21785	0.24793659292518658	0.1843497850053811	0.5677136220694323
21786	0.36091928357679653	0.18839168925710822	0.4506890271660953
21787	0.5079426349996335	0.3358218148283405	0.15623555017202592
21788	6.308646639908848e-05	0.008699599141572143	0.9912373143920288
21789	0.8631204411521475	0.11315216400676623	0.023727394841086387
21790	0.0222233260173729	0.22511068022333133	0.7526659937592958
21791	0.026936486253048873	0.19095639521690033	0.7821071185300508
21792	0.2496592595672558	0.19591117538080796	0.5544295650519363
21793	0.13970776559970954	0.7761215195224344	0.08417071487785623
21794	0.3400960277631024	0.5674852202708114	0.09241875196608616
21795	0.8377104939342854	0.07377079979625245	0.0885187062694621
21796	0.5469676149169646	0.3838106805357982	0.06922170454723717
21797	0.29587710822991364	0.1817243809010732	0.5223985108690132
21798	0.8810220315521109	0.055253160693432106	0.06372480775445694
21799	0.1101420627417006	0.5824115256008675	0.30744641165743186
21800	0.39300389034813726	0.5451271175499222	0.061868992101940606
21801	0.12713847604337872	0.07418054692361373	0.7986809770330074
21802	0.39824921243809275	0.376673433635288	0.22507735392661926
21803	0.8301516247616139	0.12367627862134437	0.04617209661704175
21804	0.5350642706428637	0.33484096237865	0.13009476697848635
21805	0.07021028533210474	0.9246289480385543	0.005160766629340889
21806	0.7645841999491729	0.2354157704127945	2.9638032534570673e-08
21807	0.2795681562062563	0.18609402934643762	0.5343378144473061
21808	0.764317743305142	0.09950798420836221	0.13617427248649586
21809	0.17573408884461236	0.4484070710696529	0.37585884008573467
21810	0.5922707456357685	0.2909623980948595	0.1167668562693719
21811	0.07772639814340436	0.011127839340203408	0.9111457625163922
21812	0.7446181193942927	0.23562330219144148	0.01975857841426588
21813	0.6439980700561978	0.09422475472828556	0.2617771752155165
21814	0.20184292484524793	0.6832351250138089	0.11492195014094318
21815	0.01377022871871588	0.12245545076975872	0.8637743205115254
21816	0.04705596670835173	0.5493884133958792	0.40355561989576916
21817	0.28816336623493827	0.4923928443307692	0.21944378943429257
21818	0.7458110412011801	0.07412038716704858	0.18006857163177128
21819	0.8447107509502418	0.06730329725006377	0.08798595179969437
21820	0.0998390126650381	0.5313025519719348	0.36885843536302715
21821	0.6306189545792004	0.19503590967817624	0.1743451357426235
21822	0.8633836691572527	0.1023903233439805	0.034226007498766815
21823	0.33678143140089606	0.4657270524487873	0.19749151615031665
21824	0.6279793387885175	0.15325898710428945	0.21876167410719297
21825	0.7570664401512576	0.1678899342172385	0.075043625631504
21826	0.05291873011339447	0.29958828899310747	0.647492980893498
21827	0.44939893274471576	0.1572967064134129	0.3933043608418714
21828	0.003567057628100333	0.5801932400615276	0.416239702310372
21829	0.37562567821211806	0.5334401635315501	0.09093415825633173
21830	0.836552916753681	0.1536897672400497	0.009757316006269116
21831	0.022746865939175406	0.4282116478390337	0.5490414862217909
21832	0.36453444044695366	0.36100857368647876	0.27445698586656764
21833	0.9645521847446613	0.020275664094283757	0.015172151161054942
21834	0.35075450350846	0.3251514000107857	0.32409409648075427
21835	0.768756692875316	0.19062229650527965	0.04062101061940434
21836	0.321741337754044	0.37711722770456263	0.30114143454139325
21837	0.6054413595208329	0.27708900243336776	0.11746963804579941
21838	0.9226705868468852	0.06754026592694139	0.009789147226173476
21839	0.9355856937079132	0.026805089994435375	0.03760921629765139
21840	0.1287816589694068	0.5834470210756812	0.287771319954912
21841	6.187204533762579e-05	0.00899540777202863	0.9909427201826339
21842	0.6096439245490206	0.31817792708800713	0.07217814836297225
21843	0.6754852033806666	0.2748174919294951	0.04969730468983817
21844	0.2598981254576632	0.6034685062723335	0.13663336827000325
21845	0.836318424784493	0.11124162029482063	0.05243995492068642
21846	0.9352523922102083	0.04052747610663269	0.02422013168315913
21847	0.49096506973736964	0.44739498789488125	0.06163994236774915
21848	0.17331494331192226	0.5609499251311479	0.2657351315569298
21849	0.23080184632171655	0.19909191483967573	0.5701062388386077
21850	0.21527537005131006	0.5730074557659691	0.21171717418272085
21851	0.05251061150593552	0.8911054915445803	0.05638389694948426
21852	0.18530749574799565	0.5520891386571085	0.2626033655948958
21853	0.7278432121067505	0.13744774032812515	0.13470904756512425
21854	0.38520466667355263	0.03874864815146305	0.5760466851749843
21855	0.21308617694931772	0.521377490487748	0.2655363325629343
21856	0.542327957281975	0.36359948616409227	0.09407255655393265
21857	0.01853675927291499	0.20146153105239697	0.780001709674688
21858	0.012111002032650569	0.3759903676911644	0.6118986302761849
21859	0.11618762413811631	0.4323445640255584	0.4514678118363254
21860	0.09615787852277799	0.20615009873496026	0.6976920227422616
21861	0.6497305897509642	0.22222264829832403	0.12804676195071168
21862	0.08083885015895118	0.6013515983656778	0.31780955147537104
21863	0.4217157487664175	0.48946509980808967	0.08881915142549274
21864	0.22512040717021956	0.3540741078198509	0.42080548500992954
21865	5.394144500452859e-06	0.03199145910166647	0.968003146753833
21866	0.3334347625934935	0.4324039242353967	0.23416131317110989
21867	0.7292002313971353	0.1946364181423163	0.0761633504605483
21868	0.9034786890213763	0.08547231434573609	0.011048996632887711
21869	0.5818253366477321	0.34470124028804977	0.07347342306421825
21870	0.046476077901413546	0.8725598747496663	0.0809640473489202
21871	0.6467440557903364	0.1194840977453743	0.23377184646428933
21872	0.0210600449449329	0.7758418981659336	0.20309805688913335
21873	0.02837532117923776	0.6170164457391155	0.35460823308164674
21874	0.18425989206420362	0.35353786023659345	0.46220224769920293
21875	0.7703236366795697	0.09142060968356025	0.13825575363686993
21876	0.571058261381301	0.24185880489988507	0.18708293371881385
21877	0.3626368795112969	0.192796842872141	0.44456627761656226
21878	0.8744442679513955	0.10004425549218288	0.02551147655642161
21879	0.012518619883553567	0.1930545893695327	0.7944267907469138
21880	0.038611743975317386	0.1945011541883491	0.7668871018363334
21881	0.7104124778446842	0.20364755374727594	0.08593996840803995
21882	0.34098275491979557	0.2707001798098878	0.38831706527031656
21883	0.25741196357878215	0.5772991267275825	0.16528890969363522
21884	0.26176380510839803	0.5760329923742039	0.16220320251739817
21885	0.21706871967554361	0.6904099215609655	0.09252135876349095
21886	0.06313127744342631	0.6540399544224128	0.28282876813416097
21887	0.2654603802501965	0.5559108874943329	0.17862873225547043
21888	0.8201882724570101	0.1709519994481889	0.00885972809480092
21889	0.004145260398091315	0.5481808708341996	0.4476738687677089
21890	0.13796964648401955	0.6784101821360613	0.18362017137991923
21891	0.0005102543089941998	0.3272206983012604	0.6722690473897455
21892	0.7196531581195821	0.2123131765208079	0.06803366535961003
21893	0.0016343495919581583	0.8401615864298554	0.15820406397818634
21894	0.02500389350695143	0.800911822718166	0.17408428377488258
21895	0.3166029171763573	0.529941329863301	0.1534557529603417
21896	0.0018504326281914244	0.36451469162924843	0.63363487574256
21897	0.25585148449219647	0.4713181002099978	0.2728304152978057
21898	0.4528293665167935	0.46647531354592436	0.08069531993728206
21899	0.9694670761237564	0.02408502421576336	0.0064478996604803215
21900	0.37354594821606824	0.36595977881561914	0.2604942729683126
21901	0.8076748457370717	0.192100674558196	0.0002244797047323467
21902	0.05243242877689968	0.34541789976685877	0.6021496714562414
21903	0.029624162631079906	0.5089713853863395	0.46140445198258057
21904	0.1764524611818381	0.7810850199657245	0.04246251885243729
21905	0.7867845534619639	0.19920719378630392	0.014008252751732222
21906	0.25243285634134777	0.5871379214933701	0.16042922216528213
21907	0.38279652822471805	0.46491980822905166	0.1522836635462302
21908	0.5631906506190809	0.20613384488205574	0.2306755044988634
21909	0.9208909311781862	0.03183650395118786	0.04727256487062601
21910	0.272769239177885	0.6740824274376042	0.053148333384510874
21911	0.80378977730625	0.18359880723718236	0.012611415456567583
21912	0.9718423248070968	0.021381044871469607	0.00677663032143353
21913	0.15813213359146083	0.5721541312246696	0.26971373518386954
21914	0.5606082868881365	0.35154273368468963	0.08784897942717376
21915	0.954161185014325	0.034673007120606905	0.01116580786506803
21916	6.811259778313151e-05	0.17275267324226087	0.8271792141599559
21917	0.006772434287954808	0.5074239947054057	0.48580357100663946
21918	0.16763113629614262	0.426929796121987	0.40543906758187037
21919	8.322267169968138e-06	0.05657104689937882	0.9434206308334512
21920	0.8643600343261602	0.0802705103166403	0.05536945535719951
21921	0.790655941565338	0.09177320323331141	0.11757085520135063
21922	0.9997479853634239	0.0002476505850945311	4.364051481731835e-06
21923	0.48269085735307576	0.21772225110358032	0.29958689154334395
21924	0.0584029257749039	0.12339115587439921	0.8182059183506968
21925	0.5432241829100811	0.2717013400150478	0.18507447707487107
21926	0.010573026693981292	0.5503389599562536	0.4390880133497651
21927	0.23090511918130446	0.5229111735380739	0.24618370728062167
21928	0.9455768732298164	0.029100025666547614	0.025323101103635903
21929	0.028198397936980493	0.17762809416722483	0.7941735078957948
21930	0.002866180794759775	0.13431297414285762	0.8628208450623827
21931	0.8640646252631128	0.05028775399613802	0.08564762074074918
21932	0.8593763264067726	0.038334345620431205	0.10228932797279607
21933	0.9814087719022626	0.006986467070497774	0.011604761027239582
21934	0.6000095091240631	0.2888066786663989	0.11118381220953798
21935	0.24546022231425482	0.42897351779244947	0.32556625989329574
21936	0.07507377317050716	0.580836469271561	0.3440897575579319
21937	0.4158594278825934	0.4199502676139867	0.16419030450341993
21938	0.07543985215522395	0.4705569490675706	0.4540031987772054
21939	0.18575825609064525	0.7510322824909258	0.0632094614184289
21940	0.6765962085691184	0.30567600997603267	0.0177277814548489
21941	0.9535907397687607	0.030301195852532894	0.01610806437870632
21942	0.3783567672733763	0.22204850713865584	0.3995947255879678
21943	0.041067438820680785	0.4280537734750051	0.5308787877043142
21944	0.4222550057710589	0.4595791721530407	0.11816582207590035
21945	0.08604760733055172	0.4204571916381094	0.4934952010313388
21946	0.5080347274867856	0.3681320631479953	0.12383320936521922
21947	3.9668079050845676e-07	0.006629374306949379	0.99337022901226
21948	4.320142533253065e-06	0.012422474280498511	0.9875732055769681
21949	0.32038301677499037	0.5697894961107145	0.10982748711429503
21950	0.12740221564717916	0.3335083590440753	0.5390894253087455
21951	0.02435146269803389	0.23349144836257033	0.7421570889393958
21952	0.7939240803569398	0.15913515266246006	0.046940766980600096
21953	0.9688701463188327	0.026014744119024328	0.005115109562142771
21954	0.0012666938438835784	0.29817403506643164	0.7005592710896847
21955	0.876486819516771	0.07595098609580737	0.047562194387421465
21956	0.9223005130368966	0.04739739709366865	0.03030208986943466
21957	0.31423486669386735	0.2539997868752146	0.431765346430918
21958	0.0033444864597718623	0.4703715559401104	0.5262839576001177
21959	0.8644449744858704	0.07401908673143699	0.06153593878269265
21960	0.7515833336644357	0.16621753195288924	0.08219913438267487
21961	0.8191061031075396	0.12574577146019075	0.05514812543226966
21962	0.3294906860651496	0.46424742858783236	0.20626188534701798
21963	0.114473166277548	0.6432078665600787	0.24231896716237333
21964	0.6778036938476492	0.21397480642239083	0.10822149972996005
21965	0.7189239737285328	0.2474306143540129	0.03364541191745449
21966	0.06491444504898893	0.4916751692535467	0.4434103856974644
21967	0.03743624777004533	0.5047351807529763	0.45782857147697836
21968	0.23760729134873912	0.7618482617416804	0.0005444469095804664
21969	0.00953024957994066	0.04279093123233213	0.9476788191877271
21970	0.7354281931649438	0.23989070685151784	0.024681099983538398
21971	0.4051509151505571	0.49530486422025866	0.09954422062918418
21972	0.6649103163258897	0.22492054630441952	0.11016913736969068
21973	0.37888953473388853	0.24904924126307965	0.3720612240030319
21974	0.7290190270203589	0.11214468408876978	0.15883628889087126
21975	0.9353592569832133	0.03445435258949124	0.030186390427295394
21976	0.049322261035315625	0.8430534710893011	0.10762426787538329
21977	0.5739505723491184	0.2378867822429335	0.18816264540794808
21978	0.00869645412722938	0.03293307666292572	0.9583704692098449
21979	0.04549006298631631	0.3407947833197084	0.6137151536939753
21980	0.12028802209394442	0.7506245884329019	0.1290873894731535
21981	0.306020698353893	0.6108184165871924	0.0831608850589147
21982	0.47757517223792656	0.45170966980499777	0.07071515795707566
21983	1.634084974187297e-05	0.9999821039991771	1.5551510809468293e-06
21984	0.03304110346605903	0.5875947207773144	0.37936417575662656
21985	0.28348485137169666	0.2256609789200082	0.49085416970829526
21986	0.4495966688223417	0.2783123833923674	0.27209094778529075
21987	0.34850228375739023	0.30972378047863736	0.3417739357639724
21988	0.09624995770905706	0.4670227137307528	0.43672732856019014
21989	0.6134719132013723	0.14508096327379363	0.24144712352483394
21990	0.08615640216473862	0.5138800364800535	0.39996356135520783
21991	0.005401313003911301	0.22675150763077012	0.7678471793653184
21992	0.08646876757904602	0.8559630168773648	0.05756821554358924
21993	0.01488967625646729	0.2370255236776776	0.7480848000658552
21994	0.0013822103216455841	0.13221023586247826	0.8664075538158762
21995	0.1808546987565259	0.7184828098033053	0.10066249144016887
21996	0.013378952755555734	0.7039283696622289	0.28269267758221533
21997	0.5611056287020952	0.19116547218607954	0.2477288991118253
21998	0.6345623605215535	0.11336629657731624	0.2520713429011303
21999	0.6767151767843819	0.2866254107838066	0.036659412431811485
22000	0.8442909078119151	0.12505621355756788	0.030652878630517074
22001	0.7784905895538248	0.17349574585061628	0.04801366459555892
22002	0.015195721102996149	0.2458988039187302	0.7389054749782737
22003	0.3346440676300395	0.06886003518957566	0.5964958971803849
22004	0.03283461150691034	0.33378163143483125	0.6333837570582584
22005	1.3223487225578662e-06	0.034212354760523006	0.9657863228907545
22006	4.17323124096494e-05	0.17221452905886198	0.8277437386287284
22007	0.39109713891233777	0.386785377275867	0.22211748381179516
22008	0.07712464887243492	0.44314922019815733	0.4797261309294077
22009	0.7289051695475998	0.038976003021677606	0.23211882743072274
22010	0.03957991739923025	0.19164861226971777	0.7687714703310519
22011	0.1025194998470925	0.2766067670373308	0.6208737331155767
22012	0.043716257506004705	0.36751619710761435	0.588767545386381
22013	0.18211846432516643	0.5815055238432466	0.23637601183158702
22014	0.05643292026003312	0.38319411609830667	0.5603729636416602
22015	0.2827138786546594	0.5272038411079013	0.19008228023743923
22016	0.018222485895948954	0.31407908892453806	0.6676984251795129
22017	0.29434430146770957	0.2609333353654071	0.44472236316688346
22018	0.26568547675832505	0.3700780601605245	0.36423646308115043
22019	0.7535740073476632	0.21921188263696803	0.027214110015368637
22020	0.9999999841959921	1.5131685946281192e-08	6.723220565097129e-10
22021	0.25327682598307666	0.6427964660159533	0.10392670800097013
22022	0.2809036536873557	0.6433888174137964	0.07570752889884778
22023	0.9965308908653108	0.0030507102796776243	0.0004183988550114515
22024	0.9182432949794544	0.07156367109018599	0.010193033930359736
22025	0.7921624231017221	0.08374252200177235	0.12409505489650546
22026	0.7476849887284425	0.0598211148102492	0.19249389646130827
22027	0.6585867336914867	0.06919448701478295	0.2722187792937303
22028	0.9465118121688378	0.05340880228879091	7.938554237122175e-05
22029	0.02666149852016677	0.3958096453206312	0.5775288561592022
22030	0.7904827737426442	0.08977974256415956	0.11973748369319619
22031	3.4480588613621726e-05	0.07208290118819441	0.927882618223192
22032	0.16824242528912148	0.10916880306744436	0.7225887716434342
22033	0.8008427288388985	0.1085375701862533	0.09061970097484831
22034	0.009600379709576551	0.09835532844874224	0.8920442918416812
22035	0.0014147418930770211	0.052992732107712624	0.9455925259992102
22036	0.14935891116130512	0.6718786029078744	0.17876248593082042
22037	0.35495486721826913	0.24829283339546504	0.3967522993862657
22038	0.004774697005715349	0.5847825788351494	0.41044272415913535
22039	0.0005659471382111022	0.503421926910122	0.4960121259516669
22040	0.016505817128995657	0.34232599078360826	0.6411681920873962
22041	0.0012200670553306886	0.35946763335007487	0.6393122995945945
22042	0.17000508337613635	0.2244812150371335	0.6055137015867302
22043	0.6438659625009054	0.2256940651648603	0.13043997233423418
22044	0.9915641264323114	0.008435792624531901	8.094315664646277e-08
22045	0.5523031328609954	0.28431223004027856	0.16338463709872608
22046	0.6013140537251652	0.26543118252739417	0.1332547637474406
22047	0.4187483744495149	0.39775821836461356	0.1834934071858716
22048	0.0012721531401198632	0.3212763602790769	0.6774514865808031
22049	0.9062319647003879	0.051235615530754695	0.04253241976885731
22050	0.060925513790861856	0.46768822979718344	0.47138625641195475
22051	0.06310675351289247	0.46358371323496794	0.4733095332521396
22052	0.0006448082688142739	0.6446946850413743	0.3546605066898113
22053	0.02518577826419765	0.47735138533192645	0.49746283640387584
22054	0.01473592923564258	0.14138389768273357	0.8438801730816238
22055	0.01808765613066903	0.3154801558722081	0.6664321879971229
22056	0.303416357989917	0.1386799288279504	0.5579037131821326
22057	0.005416690174700476	0.08924160185699079	0.9053417079683087
22058	0.38186956806969863	0.4823924049485138	0.13573802698178744
22059	0.10654473754366667	0.041307632070723695	0.8521476303856095
22060	0.3478492486004541	0.19861657528284704	0.4535341761166989
22061	0.3229839377667326	0.47579196497113985	0.20122409726212748
22062	0.10933893453218521	0.2016100233215688	0.6890510421462459
22063	0.00549231053924186	0.05707665542274222	0.9374310340380159
22064	0.005263485243253642	0.41437651732637387	0.5803599974303726
22065	4.205550197685882e-07	0.021715585836471093	0.9782839936085092
22066	0.18532917250623274	0.7135450486783478	0.1011257788154195
22067	0.4156212811688563	0.347253352914219	0.23712536591692474
22068	0.014378898012115119	0.11611846579658985	0.8695026361912951
22069	0.07454601081055034	0.19682976633944033	0.7286242228500094
22070	0.15620805308361604	0.2485929468702692	0.5951990000461147
22071	0.09238651752040576	0.6753584664066961	0.23225501607289817
22072	0.5617701873868624	0.33322430640207423	0.10500550621106336
22073	0.05394711860025025	0.2221954832581392	0.7238573981416104
22074	0.420316006053054	0.274257734136479	0.305426259810467
22075	0.06730338857825258	0.465370272639448	0.46732633878229946
22076	0.35637135566274825	0.4194657011814406	0.22416294315581103
22077	0.042201264817249555	0.4339552921851999	0.5238434429975506
22078	0.00010360366229326	0.003791977889252158	0.9961044184484545
22079	0.043364950376198155	0.20119326670748433	0.7554417829163176
22080	0.40479576843503845	0.3342617483634284	0.260942483201533
22081	0.7195646018955075	0.22516610872532883	0.05526928937916366
22082	0.005749421311508404	0.006364160652429764	0.9878864180360619
22083	0.17019992479242432	0.03033022632485117	0.7994698488827245
22084	0.08962868377436792	0.7772103604107372	0.13316095581489498
22085	0.4435221411245271	0.4998843663228904	0.05659349255258249
22086	0.6725183548436964	0.2416941861583024	0.08578745899800114
22087	0.342608917601718	0.31145571129887345	0.34593537109940864
22088	0.027014455338599128	0.17577904173283906	0.7972065029285618
22089	0.8692958699375831	0.10768760977639573	0.023016520286021334
22090	0.9189276422385861	0.06649858242260712	0.014573775338806771
22091	0.035245642074853846	0.6042526116341331	0.3605017462910129
22092	0.8244860135913828	0.13140305815279307	0.04411092825582413
22093	0.8756795134171645	0.10165184702361539	0.022668639559220174
22094	0.7968489021372633	0.15080086786965052	0.05235022999308627
22095	0.01131863886954581	0.5568217359230284	0.4318596252074258
22096	0.3534614334291329	0.3419811779550459	0.30455738861582127
22097	0.9417544746719272	0.04416769460571415	0.014077830722358605
22098	0.7420133893015407	0.15359753520652658	0.10438907549193276
22099	0.03742135044077279	0.6468517268554478	0.31572692270377944
22100	0.1589935786593231	0.6970125766693898	0.14399384467128712
22101	0.3597078256455972	0.24808923675964437	0.3922029375947585
22102	0.8609648214639116	0.10456144967063727	0.03447372886545115
22103	0.8785017095147131	0.08760823867153358	0.033890051813753305
22104	0.8446396750051115	0.05762780959695477	0.09773251539793378
22105	0.2785378616964681	0.5774345050716801	0.14402763323185175
22106	0.8687169878361489	0.08651635497497043	0.044766657188880656
22107	0.017074275215399868	0.6821246154837513	0.3008011093008489
22108	0.4998980243723376	0.20285215955876473	0.29724981606889767
22109	0.08386137741260337	0.3890654258104646	0.5270731967769321
22110	0.0007553334066344738	0.042891338285814685	0.9563533283075508
22111	0.007503414250857376	0.06845414382650654	0.9240424419226361
22112	0.044853537994165	0.5010193740317257	0.4541270879741093
22113	0.9633967424699601	0.021739430913340307	0.014863826616699464
22114	0.0019438087061982856	0.7100593649651857	0.28799682632861595
22115	0.3666358742830972	0.5361523395903112	0.09721178612659159
22116	0.04913336957547592	0.31032464268639753	0.6405419877381265
22117	0.3053340756607062	0.3315249435198167	0.3631409808194772
22118	0.00023009325139157204	0.3827641196578388	0.6170057870907695
22119	0.5496628912638605	0.33731501983333384	0.11302208890280573
22120	0.4545953209182701	0.3261501210470989	0.21925455803463098
22121	0.8800160283089447	0.10051900278588025	0.01946496890517518
22122	0.8859176964222093	0.10225189788348557	0.01183040569430504
22123	0.5347462670584242	0.16788329992304513	0.2973704330185307
22124	0.2694367058248636	0.3896186284204238	0.34094466575471266
22125	0.18115422890196708	0.4407942500418124	0.37805152105622053
22126	0.872743089502751	0.0695770221640146	0.05767988833323437
22127	0.011734400690168621	0.5360236974346937	0.45224190187513774
22128	1.0609686751300414e-05	0.024944158473978562	0.97504523183927
22129	0.00034261322514287073	0.16865516780985454	0.8310022189650026
22130	0.0031491454812508386	0.149182731124153	0.8476681233945962
22131	0.031718287619231754	0.17775983665080988	0.7905218757299584
22132	0.06003838971992274	0.13133508326080218	0.8086265270192752
22133	0.5027674838043089	0.4865208294900193	0.01071168670567178
22134	0.9630415120401246	0.015399936004781109	0.02155855195509438
22135	0.0060608497571852556	0.31196943485741707	0.6819697153853976
22136	0.0007908133092781089	0.8463612647342533	0.15284792195646857
22137	0.3961299487596542	0.48716826007812614	0.11670179116221967
22138	0.9999081906789451	7.54570198691422e-05	1.6352301185758447e-05
22139	0.29907307167469543	0.07897583583379512	0.6219510924915095
22140	0.8868231147909414	0.03475370396506666	0.0784231812439919
22141	0.2398819081344772	0.6126453502997553	0.14747274156576745
22142	0.8388900505065114	0.12287877725679104	0.038231172236697517
22143	0.0008472975980543181	0.031946347971559146	0.9672063544303866
22144	0.03785577528157376	0.04143923587272428	0.920704988845702
22145	0.10576019891195508	0.27319088497951566	0.6210489161085292
22146	0.9293424769786707	0.05597905220941064	0.014678470811918677
22147	0.7556614916970676	0.22929559218471587	0.015042916118216343
22148	0.336706462796526	0.47738137674208164	0.18591216046139247
22149	0.026955437449344272	0.16646392163956483	0.8065806409110909
22150	0.23063965024695643	0.37736119771093946	0.39199915204210417
22151	0.7854141767391992	0.06910620559038166	0.14547961767041914
22152	0.06178541463592608	0.46294107102621423	0.47527351433785975
22153	0.2938274033773096	0.5785370629584962	0.12763553366419425
22154	0.0674097966309926	0.11045950583504516	0.8221306975339623
22155	0.0035690922341205266	0.324280407934422	0.6721504998314576
22156	0.601752551157347	0.17390002658744422	0.22434742225520868
22157	0.17334769049848464	0.7261090735173148	0.10054323598420044
22158	0.7786249426217329	0.18780207075481758	0.03357298662344965
22159	0.0317876636417556	0.7604084976933384	0.20780383866490598
22160	0.01819095209772271	0.46598665672121903	0.5158223911810583
22161	0.08573451000302894	0.07418408412392809	0.8400814058730429
22162	0.6952524530184331	0.12545796985753419	0.17928957712403262
22163	0.18232517643495236	0.7505798729495345	0.0670949506155131
22164	0.003341415690855075	0.31075029668735116	0.6859082876217938
22165	0.3824273745812932	0.2957395455558273	0.3218330798628794
22166	0.37507701850162883	0.35576636005512025	0.2691566214432509
22167	0.6942557373599048	0.28113135528060795	0.02461290735948712
22168	0.8187327507819326	0.16453716963927512	0.01673007957879215
22169	0.4397944258929759	0.3665979730191305	0.1936076010878936
22170	0.00020196639570415028	0.9046586167705243	0.0951394168337715
22171	0.1254306139101116	0.1707975437315277	0.7037718423583607
22172	0.7425677393274434	0.12214831890286887	0.1352839417696878
22173	0.06273075612955235	0.8994409738612219	0.0378282700092258
22174	0.088194448734125	0.6007431357365105	0.31106241552936437
22175	0.09147663361563149	0.7758379365223641	0.1326854298620043
22176	0.01856312991734218	0.08884455345746083	0.892592316625197
22177	0.0012218064285893476	0.009337896147499906	0.9894402974239108
22178	0.01749228959289149	0.743678249831603	0.23882946057550544
22179	0.22443036190132448	0.5481482291640647	0.22742140893461085
22180	0.005360904141240376	0.2549953906949901	0.7396437051637696
22181	0.8362987675256076	0.12215717735740168	0.041544055116990664
22182	0.8723086240509285	0.11062317802511892	0.017068197923952696
22183	0.7314149922082221	0.2481320893982182	0.020452918393559498
22184	0.7741050658563412	0.21018610489938017	0.015708829244278657
22185	0.6678675687720607	0.3321314540038272	9.772241121708691e-07
22186	0.010843059550175145	0.10672656249061602	0.8824303779592086
22187	0.14062193168953127	0.22604870535886026	0.6333293629516086
22188	0.3278523844052744	0.3458270640952315	0.32632055149949407
22189	0.04581027477299195	0.0294361441618297	0.9247535810651784
22190	0.5723933714521424	0.35167065353786897	0.0759359750099887
22191	0.265944542664015	0.5925537870647256	0.14150167027125943
22192	0.2192166635216373	0.39546964084199937	0.38531369563636325
22193	0.7342997671792624	0.11649588630946017	0.14920434651127754
22194	0.7760519616990574	0.18356455207786598	0.040383486223076526
22195	0.3063694537358398	0.3369786041106994	0.35665194215346074
22196	0.646741610234823	0.23184186511984653	0.12141652464533056
22197	0.4486025150488804	0.2240300652179403	0.3273674197331793
22198	0.5914302601399675	0.2332952696092975	0.17527447025073503
22199	0.5796335294989506	0.2786440334663095	0.1417224370347399
22200	0.7420221923289626	0.12941407074804748	0.12856373692298986
22201	0.9346930817637061	0.04326885215615732	0.022038066080136514
22202	0.9999999268947493	6.77927020637019e-08	5.3125486155948785e-09
22203	0.04660247124792758	0.13992459160314788	0.8134729371489245
22204	0.7927608931650674	0.13402094891417116	0.07321815792076158
22205	0.9055907105475516	0.057917228934435155	0.036492060518013396
22206	0.8313068539523071	0.052834494698170746	0.11585865134952221
22207	0.0135168736342863	0.6520701189150658	0.3344130074506479
22208	0.3915497384246241	0.3820869485451998	0.22636331303017618
22209	0.5645992297967379	0.38208168977663515	0.05331908042662687
22210	0.12219181226844852	0.8371489808407941	0.04065920689075727
22211	0.030623746253576282	0.7902415714087003	0.1791346823377233
22212	0.006305718625542801	0.28119659956199644	0.7124976818124606
22213	0.9270423004627683	0.03526220748491008	0.0376954920523217
22214	0.8681459529359914	0.11548225239615348	0.016371794667855096
22215	0.06998114682851939	0.5335690320845423	0.39644982108693827
22216	0.25812341037223896	0.538525193855562	0.2033513957721991
22217	0.0018827916142982193	0.1772736759251587	0.820843532460543
22218	0.017475838933227333	0.2845469584579009	0.6979772026088717
22219	0.23803757888452073	0.6530842614122787	0.10887815970320062
22220	0.9659487702404528	0.009635391178555127	0.024415838580992177
22221	0.0005357675348537204	0.9789583873260156	0.020505845139130643
22222	0.5112371750551085	0.34573283466279614	0.14302999028209548
22223	0.7947183977490307	0.1294414129460637	0.07584018930490566
22224	0.13588652572353202	0.5017385228520315	0.36237495142443654
22225	0.4133857344337001	0.32155849347968385	0.26505577208661607
22226	0.8083206759482228	0.16272770255805052	0.028951621493726664
22227	0.14450539418189612	0.1737004936817164	0.6817941121363874
22228	0.6933800655537324	0.2254518806973399	0.08116805374892767
22229	0.7308283612137476	0.20484285641242608	0.06432878237382626
22230	0.7819395031324033	0.16339436057554585	0.054666136292050915
22231	0.4547690297089402	0.24422058539493802	0.3010103848961218
22232	0.06420674820738885	0.6358250159146516	0.2999682358779597
22233	0.7505740026303008	0.21236017961627496	0.03706581775342418
22234	0.8008216500187727	0.1747849917176403	0.02439335826358702
22235	0.788769204110618	0.19512162881231587	0.016109167077065976
22236	0.7816376765294328	0.07700277380959726	0.1413595496609698
22237	0.0017656139960463954	0.14143498317474662	0.8567994028292071
22238	0.0030692606877574112	0.7747873601246568	0.2221433791875859
22239	0.11456144894229617	0.6957752400599247	0.18966331099777906
22240	0.151884499203308	0.7897475621315472	0.0583679386651448
22241	0.048207656202592805	0.36217906416554435	0.5896132796318627
22242	0.9607583265083177	0.034242831767010595	0.004998841724671491
22243	0.3093216451220603	0.3807154717913303	0.3099628830866093
22244	0.4809532307288718	0.2004531888407757	0.31859358043035263
22245	0.09661840786699355	0.2278450397800705	0.6755365523529361
22246	0.5064029168510034	0.34400992833594807	0.14958715481304863
22247	0.09064436572668196	0.5583524605785843	0.3510031736947336
22248	0.6942371955692308	0.06436082307805562	0.24140198135271346
22249	0.12705427558141721	0.25652771536622093	0.6164180090523618
22250	0.7539888179470213	0.20032517737594346	0.04568600467703524
22251	0.2261111307320963	0.40969245300380125	0.36419641626410254
